0;1;0;0;0;0;0;0;0
100;0.929387;0.0355006;3.76536e-06;3.76536e-06;0.0273584;0.0632121;6.91512e-06;6.91512e-06
200;0.858473;0.105336;1.18766e-05;1.18766e-05;0.0114927;0.0864664;1.05565e-05;1.05565e-05
300;0.783846;0.1824;2.21876e-05;2.21876e-05;0.0045271;0.0950211;1.3418e-05;1.3418e-05
400;0.712036;0.257235;3.42787e-05;3.42787e-05;0.00179203;0.0981678;1.64505e-05;1.64505e-05
500;0.645391;0.326824;4.8356e-05;4.8356e-05;0.000731208;0.0993248;2.00458e-05;2.00458e-05
600;0.584439;0.390482;6.48803e-05;6.48803e-05;0.00031693;0.0997495;2.44281e-05;2.44281e-05
700;0.529033;0.448334;8.44615e-05;8.44615e-05;0.00015179;0.0999042;2.97926e-05;2.97926e-05
800;0.478795;0.500771;0.000107846;0.000107846;8.34265e-05;0.0999587;3.63564e-05;3.63564e-05
900;0.433295;0.54825;0.000135935;0.000135935;5.3333e-05;0.0999751;4.43805e-05;4.43805e-05
1000;0.392104;0.591217;0.000169819;0.000169819;3.8852e-05;0.0999756;5.41838e-05;5.41838e-05
1100;0.354824;0.630091;0.000210824;0.000210824;3.1063e-05;0.0999674;6.61566e-05;6.61566e-05
1200;0.321085;0.665255;0.000260558;0.000260558;2.63569e-05;0.0999518;8.07762e-05;8.07762e-05
1300;0.290553;0.697053;0.000320983;0.000320983;2.32103e-05;0.0999272;9.86251e-05;9.86251e-05
1400;0.262924;0.725796;0.000394488;0.000394488;2.09398e-05;0.09989;0.000120414;0.000120414
1500;0.237923;0.75176;0.000483982;0.000483982;1.92131e-05;0.0998341;0.00014701;0.00014701
1600;0.215299;0.775188;0.000593014;0.000593014;1.78533e-05;0.0997507;0.00017947;0.00017947
1700;0.194827;0.796288;0.000725905;0.000725905;1.6757e-05;0.0996265;0.000219079;0.000219079
1800;0.176302;0.815235;0.000887924;0.000887924;1.5859e-05;0.0994416;0.000267405;0.000267405
1900;0.15954;0.832162;0.00108548;0.00108548;1.51155e-05;0.0991672;0.000326353;0.000326353
2000;0.144371;0.847157;0.0013264;0.0013264;1.44965e-05;0.0987613;0.000398238;0.000398238
2100;0.130646;0.860252;0.00162016;0.00162016;1.39806e-05;0.0981629;0.000485873;0.000485873
2200;0.118227;0.871405;0.00197834;0.00197834;1.35535e-05;0.0972861;0.000592667;0.000592667
2300;0.106989;0.880481;0.00241497;0.00241497;1.32064e-05;0.0960118;0.000722749;0.000722749
2400;0.0968198;0.887225;0.00294708;0.00294708;1.29353e-05;0.0941811;0.000881107;0.000881107
2500;0.0876184;0.891237;0.00359532;0.00359532;1.27415e-05;0.091594;0.00107375;0.00107375
2600;0.0792924;0.891947;0.00438466;0.00438466;1.26318e-05;0.0880204;0.00130792;0.00130792
2700;0.0717588;0.888618;0.00534524;0.00534524;1.26196e-05;0.0832336;0.00159227;0.00159227
2800;0.0649421;0.880395;0.00651339;0.00651339;1.27257e-05;0.0770753;0.00193714;0.00193714
2900;0.0587742;0.86642;0.00793271;0.00793271;1.29795e-05;0.0695423;0.00235477;0.00235477
3000;0.0531937;0.846025;0.00965534;0.00965534;1.342e-05;0.0608639;0.00285961;0.00285961
3100;0.0481447;0.818941;0.0117434;0.0117434;1.40959e-05;0.051514;0.00346854;0.00346854
3200;0.043577;0.785465;0.0142703;0.0142703;1.50662e-05;0.0421244;0.00420108;0.00420108
3300;0.039445;0.746479;0.0173226;0.0173226;1.64005e-05;0.0333244;0.0050795;0.0050795
3400;0.0357078;0.703315;0.0210009;0.0210009;1.81798e-05;0.0255877;0.00612879;0.00612879
3500;0.0323281;0.657517;0.0254213;0.0254213;2.04995e-05;0.0191561;0.0073764;0.0073764
3600;0.0292726;0.610605;0.0307161;0.0307161;2.34721e-05;0.014054;0.00885159;0.00885159
3700;0.026511;0.563899;0.0370331;0.0370331;2.72325e-05;0.0101558;0.0105844;0.0105844
3800;0.0240163;0.518431;0.0445344;0.0445344;3.19436e-05;0.00726266;0.0126039;0.0126039
3900;0.0217639;0.474936;0.0533931;0.0533931;3.78033e-05;0.00516134;0.014936;0.014936
4000;0.0197322;0.433884;0.0637875;0.0637875;4.50531e-05;0.00365852;0.0176003;0.0176003
4100;0.0179015;0.395532;0.0758932;0.0758932;5.39879e-05;0.00259478;0.0206064;0.0206064
4200;0.0162544;0.359978;0.0898719;0.0898719;6.49681e-05;0.0018465;0.0239501;0.0239501
4300;0.0147757;0.32721;0.105858;0.105858;7.84339e-05;0.00132165;0.0276096;0.0276096
4400;0.013452;0.297142;0.123941;0.123941;9.49228e-05;0.000953578;0.0315426;0.0315426
4500;0.0122716;0.26964;0.144153;0.144153;0.000115091;0.000694916;0.0356849;0.0356849
4600;0.0112249;0.244548;0.166452;0.166452;0.000139738;0.000512425;0.0399518;0.0399518
4700;0.0103038;0.221698;0.190709;0.190709;0.00016984;0.000382964;0.0442411;0.0442411
4800;0.00950205;0.200918;0.216704;0.216704;0.000206585;0.000290493;0.0484389;0.0484389
4900;0.00881538;0.182041;0.244128;0.244128;0.000251418;0.000223918;0.052427;0.052427
5000;0.00824134;0.164906;0.272589;0.272589;0.0003061;0.000175567;0.0560895;0.0560895
5100;0.00777957;0.149362;0.301626;0.301626;0.000372767;0.000140123;0.0593183;0.0593183
5200;0.00743201;0.135268;0.330722;0.330722;0.000454015;0.000113895;0.0620161;0.0620161
5300;0.00720314;0.122494;0.359324;0.359324;0.000552991;9.43089e-05;0.0640957;0.0640957
5400;0.00710033;0.11092;0.386851;0.386851;0.000673504;7.95616e-05;0.0654769;0.0654769
5500;0.00713423;0.100434;0.412704;0.412704;0.000820155;6.83872e-05;0.0660812;0.0660812
5600;0.00731931;0.0909375;0.436263;0.436263;0.000998493;5.98938e-05;0.0658272;0.0658272
5700;0.00767447;0.0823374;0.456889;0.456889;0.00121519;5.34539e-05;0.0646302;0.0646302
5800;0.00822376;0.0745504;0.473924;0.473924;0.00147823;4.86294e-05;0.0624096;0.0624096
5900;0.00899731;0.0675005;0.486705;0.486705;0.00179715;4.51206e-05;0.0591095;0.0591095
6000;0.0100323;0.0611187;0.494604;0.494604;0.00218326;4.27325e-05;0.0547319;0.0547319
6100;0.011374;0.0553424;0.497101;0.497101;0.00264989;4.13509e-05;0.049377;0.049377
6200;0.0130772;0.0501149;0.493878;0.493878;0.00321263;4.09274e-05;0.0432717;0.0432717
6300;0.0152076;0.045385;0.484925;0.484925;0.00388949;4.14689e-05;0.0367622;0.0367622
6400;0.0178428;0.0411062;0.4706;0.4706;0.00470106;4.30311e-05;0.0302615;0.0302615
6500;0.0210739;0.0372365;0.451619;0.451619;0.00567042;4.57152e-05;0.0241642;0.0241642
6600;0.0250065;0.0337383;0.428962;0.428962;0.00682287;4.9668e-05;0.0187678;0.0187678
6700;0.0297609;0.0305775;0.403736;0.403736;0.00818534;5.50844e-05;0.0142319;0.0142319
6800;0.0354722;0.0277234;0.377025;0.377025;0.0097853;6.22144e-05;0.0105838;0.0105838
6900;0.0422883;0.0251486;0.349789;0.349789;0.0116491;7.13713e-05;0.00775423;0.00775423
7000;0.0503663;0.0228287;0.3228;0.3228;0.0137994;8.29444e-05;0.0056219;0.0056219
7100;0.0598674;0.0207419;0.296632;0.296632;0.0162525;9.74144e-05;0.00405014;0.00405014
7200;0.070948;0.0188692;0.271677;0.271677;0.0190138;0.000115372;0.00291024;0.00291024
7300;0.083748;0.0171937;0.248176;0.248176;0.0220742;0.000137542;0.0020928;0.0020928
7400;0.0983765;0.0157011;0.226253;0.226253;0.0254057;0.000164809;0.00151074;0.00151074
7500;0.114895;0.0143794;0.205949;0.205949;0.028958;0.000198257;0.00109779;0.00109779
7600;0.1333;0.0132189;0.187245;0.187245;0.0326568;0.000239203;0.00080503;0.00080503
7700;0.153505;0.012212;0.170087;0.170087;0.0364047;0.000289255;0.000597132;0.000597132
7800;0.175331;0.0113537;0.154393;0.154393;0.040084;0.000350366;0.000448959;0.000448959
7900;0.198495;0.0106416;0.140074;0.140074;0.0435627;0.000424909;0.000342802;0.000342802
8000;0.222612;0.0100758;0.127031;0.127031;0.0467012;0.000515763;0.000266258;0.000266258
8100;0.247199;0.00965955;0.115168;0.115168;0.0493592;0.000626414;0.000210671;0.000210671
8200;0.271689;0.00939948;0.104388;0.104388;0.0514014;0.000761074;0.000170011;0.000170011
8300;0.295441;0.00930594;0.0946007;0.0946007;0.0527012;0.000924823;0.000140073;0.000140073
8400;0.317764;0.00939362;0.0857203;0.0857203;0.0531439;0.00112377;0.000117927;0.000117927
8500;0.337929;0.00968222;0.0776669;0.0776669;0.0526313;0.00136524;0.00010153;0.00010153
8600;0.355195;0.0101972;0.0703664;0.0703664;0.0510914;0.00165797;8.94609e-05;8.94609e-05
8700;0.368842;0.0109706;0.0637508;0.0637508;0.0484966;0.00201234;8.07403e-05;8.07403e-05
8800;0.378224;0.0120424;0.0577578;0.0577578;0.0448894;0.00244059;7.4706e-05;7.4706e-05
8900;0.382842;0.0134612;0.0523306;0.0523306;0.0404077;0.00295707;7.09281e-05;7.09281e-05
9000;0.382427;0.0152857;0.0474171;0.0474171;0.0352949;0.00357839;6.91524e-05;6.91524e-05
9100;0.377012;0.0175862;0.0429705;0.0429705;0.0298795;0.00432353;6.92622e-05;6.92622e-05
9200;0.366958;0.0204453;0.038948;0.038948;0.024521;0.00521387;7.12527e-05;7.12527e-05
9300;0.352923;0.0239593;0.0353112;0.0353112;0.019541;0.00627291;7.52169e-05;7.52169e-05
9400;0.335763;0.0282384;0.0320253;0.0320253;0.0151672;0.00752572;8.13388e-05;8.13388e-05
9500;0.316418;0.0334066;0.029059;0.029059;0.0115112;0.00899801;8.98935e-05;8.98935e-05
9600;0.295787;0.0396003;0.0263845;0.0263845;0.00858026;0.0107145;0.000101254;0.000101254
9700;0.274658;0.0469651;0.0239768;0.0239768;0.00630976;0.0126966;0.000115902;0.000115902
9800;0.253657;0.0556502;0.021814;0.021814;0.00459786;0.0149595;0.000134447;0.000134447
9900;0.233251;0.0658006;0.0198769;0.0198769;0.00333354;0.0175083;0.000157645;0.000157645
10000;0.213758;0.0775458;0.0181488;0.0181488;0.00241377;0.0203335;0.000186432;0.000186432
10100;0.195376;0.090985;0.0166158;0.0166158;0.00175153;0.023407;0.000221955;0.000221955
10200;0.178208;0.106171;0.0152662;0.0152662;0.00127772;0.0266781;0.000265618;0.000265618
10300;0.162293;0.12309;0.0140912;0.0140912;0.000939723;0.0300712;0.000319131;0.000319131
10400;0.14762;0.141648;0.0130846;0.0130846;0.000698663;0.0334859;0.000384579;0.000384579
10500;0.134149;0.161651;0.0122428;0.0122428;0.000526378;0.0367999;0.000464492;0.000464492
10600;0.121821;0.182799;0.0115654;0.0115654;0.000402772;0.0398741;0.000561939;0.000561939
10700;0.110566;0.204685;0.0110551;0.0110551;0.000313634;0.04256;0.000680632;0.000680632
10800;0.10031;0.226795;0.0107184;0.0107184;0.00024898;0.0447074;0.000825053;0.000825053
10900;0.0909769;0.248526;0.0105658;0.0105658;0.000201821;0.0461724;0.0010006;0.0010006
11000;0.0824938;0.269199;0.0106123;0.0106123;0.000167275;0.0468245;0.00121375;0.00121375
11100;0.0747898;0.288087;0.0108786;0.0108786;0.000141937;0.0465561;0.00147226;0.00147226
11200;0.0677983;0.304446;0.0113911;0.0113911;0.000123441;0.0452944;0.00178534;0.00178534
11300;0.0614571;0.317557;0.0121835;0.0121835;0.000110155;0.0430203;0.00216391;0.00216391
11400;0.0557088;0.326785;0.0132976;0.0132976;0.000100966;0.0397902;0.00262079;0.00262079
11500;0.0505004;0.331656;0.0147842;0.0147842;9.51418e-05;0.0357542;0.00317091;0.00317091
11600;0.0457836;0.331928;0.0167049;0.0167049;9.22307e-05;0.0311575;0.00383143;0.00383143
11700;0.0415141;0.327655;0.0191325;0.0191325;9.19942e-05;0.0263133;0.00462182;0.00462182
11800;0.037652;0.319192;0.0221528;0.0221528;9.43655e-05;0.02155;0.00556371;0.00556371
11900;0.034161;0.307158;0.0258646;0.0258646;9.94222e-05;0.01715;0.00668049;0.00668049
12000;0.0310084;0.292339;0.0303805;0.0303805;0.000107374;0.0133051;0.00799658;0.00799658
12100;0.0281648;0.27558;0.0358252;0.0358252;0.000118557;0.0101032;0.00953611;0.00953611
12200;0.0256043;0.257682;0.042334;0.042334;0.000133444;0.00754245;0.011321;0.011321
12300;0.0233036;0.239337;0.0500478;0.0500478;0.000152654;0.00556072;0.0133683;0.0133683
12400;0.0212426;0.221095;0.0591068;0.0591068;0.000176971;0.00406635;0.0156867;0.0156867
12500;0.0194037;0.203363;0.06964;0.06964;0.00020738;0.00296149;0.0182723;0.0182723
12600;0.0177721;0.186419;0.0817531;0.0817531;0.000245093;0.00215619;0.0211042;0.0211042
12700;0.0163359;0.170434;0.0955113;0.0955113;0.0002916;0.00157487;0.0241403;0.0241403
12800;0.0150855;0.155501;0.110922;0.110922;0.000348721;0.00115765;0.0273138;0.0273138
12900;0.0140145;0.141652;0.127917;0.127917;0.000418675;0.000858953;0.0305328;0.0305328
13000;0.0131193;0.128881;0.146333;0.146333;0.000504156;0.000645081;0.0336807;0.0336807
13100;0.0123994;0.117152;0.165904;0.165904;0.00060843;0.000491596;0.0366215;0.0366215
13200;0.0118579;0.106415;0.186251;0.186251;0.000735446;0.000381026;0.039206;0.039206
13300;0.0115017;0.0966098;0.206886;0.206886;0.000889965;0.000300998;0.0412807;0.0412807
13400;0.011342;0.087673;0.227225;0.227225;0.00107772;0.0002428;0.0426966;0.0426966
13500;0.011395;0.0795393;0.246602;0.246602;0.00130556;0.000200326;0.0433197;0.0433197
13600;0.0116824;0.072145;0.264299;0.264299;0.00158168;0.000169312;0.0430419;0.0430419
13700;0.0122324;0.0654291;0.279583;0.279583;0.00191581;0.000146789;0.0417965;0.0417965
13800;0.0130807;0.0593342;0.291754;0.291754;0.0023194;0.00013071;0.0395765;0.0395765
13900;0.0142713;0.0538065;0.300208;0.300208;0.00280586;0.00011968;0.0364551;0.0364551
14000;0.0158578;0.0487963;0.304515;0.304515;0.00339072;0.000112777;0.0325983;0.0325983
14100;0.0179045;0.0442582;0.304485;0.304485;0.00409171;0.000109433;0.0282585;0.0282585
14200;0.0204877;0.0401503;0.300217;0.300217;0.00492875;0.00010934;0.0237413;0.0237413
14300;0.0236963;0.0364348;0.292096;0.292096;0.0059237;0.000112407;0.019352;0.019352
14400;0.027632;0.0330773;0.280737;0.280737;0.00709982;0.000118719;0.0153408;0.0153408
14500;0.0324097;0.030047;0.266894;0.266894;0.00848077;0.000128521;0.0118679;0.0118679
14600;0.0381552;0.0273163;0.251352;0.251352;0.0100891;0.000142216;0.00899699;0.00899699
14700;0.0450023;0.0248605;0.234846;0.234846;0.0119438;0.000160371;0.0067137;0.0067137
14800;0.0530875;0.0226582;0.217996;0.217996;0.0140576;0.000183729;0.00495355;0.00495355
14900;0.0625416;0.0206906;0.201294;0.201294;0.0164327;0.000213236;0.00362941;0.00362941
15000;0.0734784;0.0189417;0.185095;0.185095;0.0190568;0.000250073;0.00265145;0.00265145
15100;0.08598;0.0173984;0.169641;0.169641;0.0218981;0.000295698;0.00193861;0.00193861
15200;0.10008;0.0160504;0.15508;0.15508;0.0249021;0.000351901;0.00142354;0.00142354
15300;0.115744;0.0148902;0.141488;0.141488;0.0279887;0.000420863;0.00105322;0.00105322
15400;0.132853;0.0139132;0.12889;0.12889;0.031052;0.000505241;0.000787477;0.000787477
15500;0.151186;0.0131182;0.117277;0.117277;0.0339641;0.000608254;0.000596666;0.000596666
15600;0.170415;0.0125074;0.106614;0.106614;0.0365797;0.000733798;0.000459315;0.000459315
15700;0.190097;0.012087;0.0968551;0.0968551;0.0387454;0.000886569;0.000360075;0.000360075
15800;0.209688;0.0118674;0.0879441;0.0879441;0.0403086;0.00107222;0.000288071;0.000288071
15900;0.228553;0.011864;0.0798226;0.0798226;0.0411289;0.00129751;0.000235647;0.000235647
16000;0.245996;0.0120976;0.0724313;0.0724313;0.0410902;0.00157052;0.000197437;0.000197437
16100;0.261293;0.0125958;0.0657123;0.0657123;0.0401159;0.00190084;0.000169699;0.000169699
16200;0.273745;0.013393;0.0596103;0.0596103;0.0381875;0.00229975;0.000149838;0.000149838
16300;0.282736;0.0145325;0.0540731;0.0540731;0.0353638;0.00278046;0.00013608;0.00013608
16400;0.287807;0.0160666;0.0490523;0.0490523;0.0317936;0.00335825;0.000127241;0.000127241
16500;0.288729;0.0180586;0.0445028;0.0445028;0.0277115;0.00405058;0.000122567;0.000122567
16600;0.285547;0.020583;0.0403837;0.0403837;0.0234084;0.00487702;0.000121633;0.000121633
16700;0.278588;0.0237272;0.0366574;0.0366574;0.0191819;0.00585902;0.000124267;0.000124267
16800;0.268411;0.0275911;0.03329;0.03329;0.0152827;0.00701935;0.000130507;0.000130507
16900;0.255721;0.0322871;0.0302508;0.0302508;0.0118781;0.00838114;0.000140579;0.000140579
17000;0.241272;0.0379386;0.0275124;0.0275124;0.00904285;0.00996624;0.000154887;0.000154887
17100;0.225777;0.0446763;0.0250505;0.0250505;0.0067733;0.011793;0.000174013;0.000174013
17200;0.209848;0.0526332;0.0228437;0.0228437;0.00501405;0.0138731;0.000198736;0.000198736
17300;0.193976;0.0619361;0.0208735;0.0208735;0.00368439;0.0162079;0.000230054;0.000230054
17400;0.178522;0.0726939;0.0191243;0.0191243;0.00269848;0.0187839;0.000269218;0.000269218
17500;0.163735;0.0849835;0.0175833;0.0175833;0.00197749;0.021568;0.000317772;0.000317772
17600;0.149769;0.0988321;0.0162404;0.0162404;0.00145512;0.0245042;0.000377616;0.000377616
17700;0.136709;0.114199;0.0150886;0.0150886;0.00107871;0.0275108;0.000451067;0.000451067
17800;0.124588;0.130956;0.014124;0.014124;0.000808109;0.0304806;0.000540943;0.000540943
17900;0.113402;0.148874;0.0133461;0.0133461;0.000613527;0.0332838;0.000650659;0.000650659
18000;0.103123;0.167617;0.0127578;0.0127578;0.000473307;0.0357743;0.000784344;0.000784344
18100;0.0937081;0.186732;0.0123663;0.0123663;0.000371921;0.0377982;0.000946973;0.000946973
18200;0.085107;0.205666;0.0121832;0.0121832;0.000298343;0.0392038;0.00114452;0.00114452
18300;0.0772647;0.223781;0.0122252;0.0122252;0.000244796;0.0398542;0.00138413;0.00138413
18400;0.0701251;0.24038;0.012515;0.012515;0.000205825;0.03964;0.00167432;0.00167432
18500;0.0636333;0.254749;0.0130818;0.0130818;0.000177625;0.0384967;0.00202516;0.00202516
18600;0.0577366;0.26621;0.0139626;0.0139626;0.000157561;0.0364231;0.00244848;0.00244848
18700;0.0523851;0.274185;0.015203;0.015203;0.000143836;0.0334992;0.00295808;0.00295808
18800;0.0475323;0.278273;0.0168584;0.0168584;0.000135258;0.0298948;0.00356984;0.00356984
18900;0.0431354;0.278311;0.018995;0.018995;0.000131078;0.025858;0.00430177;0.00430177
19000;0.0391548;0.274412;0.021691;0.021691;0.000130887;0.0216798;0.00517393;0.00517393
19100;0.0355548;0.266955;0.025037;0.025037;0.000134541;0.0176428;0.00620802;0.00620802
19200;0.0323027;0.256528;0.0291361;0.0291361;0.000142116;0.013972;0.00742674;0.00742674
19300;0.0293693;0.243838;0.0341034;0.0341034;0.000153891;0.0108065;0.00885256;0.00885256
19400;0.0267284;0.229611;0.0400634;0.0400634;0.000170335;0.00819746;0.0105059;0.0105059
19500;0.024357;0.214519;0.0471463;0.0471463;0.000192113;0.00612608;0.0124026;0.0124026
19600;0.022235;0.199128;0.0554815;0.0554815;0.000220106;0.00453049;0.0145505;0.0145505
19700;0.020345;0.183881;0.0651878;0.0651878;0.000255437;0.00332997;0.0169454;0.0169454
19800;0.0186725;0.1691;0.0763613;0.0763613;0.000299507;0.00244248;0.0195664;0.0195664
19900;0.0172061;0.155003;0.0890591;0.0890591;0.000354047;0.00179459;0.0223717;0.0223717
20000;0.015937;0.141721;0.103282;0.103282;0.000421177;0.00132546;0.0252953;0.0252953
20100;0.0148597;0.129324;0.118954;0.118954;0.000503481;0.000987319;0.0282451;0.0282451
20200;0.0139718;0.117832;0.135908;0.135908;0.000604099;0.000743986;0.0311044;0.0311044
20300;0.0132746;0.107238;0.153871;0.153871;0.00072683;0.000568746;0.0337358;0.0337358
20400;0.0127729;0.0975096;0.172459;0.172459;0.000876258;0.000442238;0.035989;0.035989
20500;0.0124764;0.0886045;0.191176;0.191176;0.0010579;0.000350607;0.0377098;0.0377098
20600;0.0123991;0.0804724;0.209432;0.209432;0.00127835;0.000284027;0.0387521;0.0387521
20700;0.0125608;0.0730601;0.226563;0.226563;0.0015455;0.000235578;0.0389905;0.0389905
20800;0.0129878;0.0663138;0.241863;0.241863;0.0018687;0.000200408;0.0383363;0.0383363
20900;0.0137131;0.060181;0.254637;0.254637;0.00225897;0.000175145;0.036755;0.036755
21000;0.0147784;0.0546116;0.264254;0.264254;0.0027292;0.000157463;0.0342858;0.0342858
21100;0.0162344;0.0495584;0.270224;0.270224;0.00329429;0.000145796;0.0310544;0.0310544
21200;0.0181423;0.0449775;0.272265;0.272265;0.00397126;0.000139125;0.0272722;0.0272722
21300;0.0205746;0.0408282;0.270355;0.270355;0.00477921;0.00013684;0.0232115;0.0232115
21400;0.0236161;0.0370737;0.264744;0.264744;0.00573904;0.000138648;0.0191605;0.0191605
21500;0.027364;0.0336801;0.255923;0.255923;0.00687295;0.000144512;0.0153721;0.0153721
21600;0.0319276;0.0306171;0.244537;0.244537;0.00820341;0.000154615;0.0120241;0.0120241
21700;0.0374267;0.0278574;0.231303;0.231303;0.00975164;0.000169343;0.00920652;0.00920652
21800;0.0439887;0.0253767;0.21691;0.21691;0.0115354;0.000189288;0.0069305;0.0069305
21900;0.0517423;0.023154;0.201966;0.201966;0.0135657;0.000215254;0.00515254;0.00515254
22000;0.0608103;0.0211708;0.186965;0.186965;0.0158433;0.000248283;0.00379999;0.00379999
22100;0.0712975;0.0194117;0.172277;0.172277;0.0183542;0.000289691;0.00279172;0.00279172
22200;0.0832764;0.0178641;0.158163;0.158163;0.0210651;0.000341107;0.00205114;0.00205114
22300;0.0967699;0.0165184;0.144789;0.144789;0.0239193;0.000404535;0.00151266;0.00151266
22400;0.111733;0.0153678;0.132252;0.132252;0.0268347;0.000482423;0.00112354;0.00112354
22500;0.128033;0.0144091;0.120593;0.120593;0.0297036;0.000577748;0.000843185;0.000843185
22600;0.145438;0.0136421;0.109816;0.109816;0.0323958;0.000694117;0.000641244;0.000641244
22700;0.163604;0.0130708;0.0999021;0.0999021;0.0347649;0.000835886;0.000495545;0.000495545
22800;0.182077;0.0127032;0.090813;0.090813;0.0366571;0.0010083;0.000390123;0.000390123
22900;0.200302;0.0125519;0.0825033;0.0825033;0.0379223;0.00121764;0.000313603;0.000313603
23000;0.217637;0.0126351;0.0749222;0.0749222;0.0384271;0.00147143;0.000257946;0.000257946
23100;0.233393;0.0129769;0.0680173;0.0680173;0.0380694;0.00177859;0.000217505;0.000217505
23200;0.246868;0.0136085;0.0617367;0.0617367;0.0367964;0.00214965;0.000188338;0.000188338
23300;0.257409;0.0145689;0.0560303;0.0560303;0.0346232;0.00259696;0.000167718;0.000167718
23400;0.26448;0.0159062;0.0508507;0.0508507;0.0316483;0.00313484;0.00015379;0.00015379
23500;0.267731;0.0176785;0.0461535;0.0461535;0.0280579;0.00377968;0.000145328;0.000145328
23600;0.26706;0.0199549;0.0418975;0.0418975;0.0241075;0.00454998;0.000141575;0.000141575
23700;0.262635;0.0228166;0.0380451;0.0380451;0.0200828;0.00546611;0.000142125;0.000142125
23800;0.254874;0.0263571;0.0345619;0.0345619;0.0162487;0.00654984;0.000146858;0.000146858
23900;0.24438;0.0306821;0.0314166;0.0314166;0.0128052;0.00782356;0.000155889;0.000155889
24000;0.231846;0.0359083;0.0285815;0.0285815;0.00986672;0.00930876;0.000169552;0.000169552
24100;0.217969;0.0421605;0.0260317;0.0260317;0.00746521;0.011024;0.000188385;0.000188385
24200;0.203376;0.0495669;0.0237452;0.0237452;0.00557124;0.0129822;0.000213148;0.000213148
24300;0.18859;0.0582513;0.0217031;0.0217031;0.00411946;0.0151868;0.000244834;0.000244834
24400;0.174011;0.0683228;0.0198893;0.0198893;0.00303085;0.0176273;0.000284706;0.000284706
24500;0.159928;0.0798618;0.0182907;0.0182907;0.00222776;0.0202754;0.000334335;0.000334335
24600;0.14653;0.0929036;0.0168969;0.0168969;0.00164203;0.0230801;0.00039566;0.00039566
24700;0.133933;0.107419;0.0157007;0.0157007;0.00121792;0.0259653;0.00047105;0.00047105
24800;0.12219;0.123298;0.0146981;0.0146981;0.000912006;0.0288292;0.00056339;0.00056339
24900;0.111318;0.140331;0.0138883;0.0138883;0.000691571;0.0315462;0.000676178;0.000676178
25000;0.101302;0.1582;0.0132745;0.0132745;0.000532552;0.0339731;0.000813641;0.000813641
25100;0.0921099;0.176475;0.0128638;0.0128638;0.000417548;0.0359569;0.000980871;0.000980871
25200;0.0836993;0.194624;0.0126682;0.0126682;0.000334124;0.037346;0.00118398;0.00118398
25300;0.0760214;0.212023;0.0127048;0.0127048;0.00027347;0.0380028;0.00143026;0.00143026
25400;0.0690248;0.227992;0.0129966;0.0129966;0.000229384;0.0378182;0.0017284;0.0017284
25500;0.0626583;0.24183;0.0135734;0.0135734;0.000197531;0.036729;0.00208865;0.00208865
25600;0.0568719;0.252875;0.0144731;0.0144731;0.000174903;0.0347368;0.00252306;0.00252306
25700;0.0516183;0.260566;0.015742;0.015742;0.000159445;0.0319242;0.00304559;0.00304559
25800;0.0468528;0.264518;0.0174364;0.0174364;0.000149791;0.0284616;0.00367229;0.00367229
25900;0.0425341;0.26458;0.0196236;0.0196236;0.000145078;0.0245931;0.00442128;0.00442128
26000;0.038624;0.260873;0.0223826;0.0223826;0.000144827;0.0206006;0.00531258;0.00531258
26100;0.0350879;0.253769;0.0258048;0.0258048;0.00014886;0.0167537;0.00636775;0.00636775
26200;0.0318942;0.243841;0.0299936;0.0299936;0.000157252;0.0132643;0.00760899;0.00760899
26300;0.0290146;0.231764;0.0350639;0.0350639;0.000170297;0.0102609;0.00905794;0.00905794
26400;0.026424;0.218236;0.0411389;0.0411389;0.000188508;0.00778851;0.0107336;0.0107336
26500;0.0240999;0.203892;0.0483458;0.0483458;0.000212614;0.00582696;0.0126497;0.0126497
26600;0.0220232;0.189271;0.056809;0.056809;0.000243583;0.00431614;0.0148109;0.0148109
26700;0.0201775;0.17479;0.0666394;0.0666394;0.000282648;0.00317899;0.0172091;0.0172091
26800;0.018549;0.160754;0.0779215;0.0779215;0.000331352;0.00233772;0.0198183;0.0198183
26900;0.0171273;0.147368;0.0906967;0.0906967;0.000391598;0.00172288;0.0225909;0.0225909
27000;0.0159047;0.134757;0.104945;0.104945;0.000465714;0.00127708;0.025454;0.025454
27100;0.0148769;0.122984;0.120567;0.120567;0.000556539;0.000955256;0.0283093;0.0283093
27200;0.0140427;0.112071;0.137368;0.137368;0.000667515;0.000723266;0.0310341;0.0310341
27300;0.0134049;0.102009;0.155042;0.155042;0.000802805;0.000555906;0.033487;0.033487
27400;0.0129703;0.0927694;0.173176;0.173176;0.00096742;0.000434895;0.0355159;0.0355159
27500;0.0127503;0.0843104;0.191249;0.191249;0.00116738;0.00034714;0.0369687;0.0369687
27600;0.0127615;0.0765851;0.208647;0.208647;0.00140988;0.000283352;0.0377055;0.0377055
27700;0.0130263;0.0695431;0.224698;0.224698;0.00170346;0.000236986;0.0376137;0.0376137
27800;0.0135741;0.0631336;0.238704;0.238704;0.00205826;0.000203458;0.0366249;0.0366249
27900;0.0144417;0.0573071;0.249996;0.249996;0.00248614;0.000179587;0.0347335;0.0347335
28000;0.0156748;0.052016;0.258004;0.258004;0.0030009;0.000163192;0.0320138;0.0320138
28100;0.0173288;0.0472159;0.262323;0.262323;0.0036184;0.000152818;0.0286275;0.0286275
28200;0.0194698;0.0428652;0.26278;0.26278;0.00435655;0.00014754;0.024812;0.024812
28300;0.0221759;0.0389257;0.259467;0.259467;0.0052352;0.000146833;0.020846;0.020846
28400;0.0255372;0.0353626;0.252734;0.252734;0.00627573;0.000150485;0.017001;0.017001
28500;0.029656;0.0321442;0.243132;0.243132;0.00750029;0.000158544;0.0134944;0.0134944
28600;0.0346461;0.0292419;0.231329;0.231329;0.00893049;0.000171289;0.0104619;0.0104619
28700;0.0406297;0.0266304;0.218016;0.218016;0.0105855;0.000189213;0.00795561;0.00795561
28800;0.0477336;0.0242873;0.203836;0.203836;0.0124794;0.000213034;0.00596054;0.00596054
28900;0.0560819;0.022193;0.189332;0.189332;0.0146176;0.000243707;0.00441976;0.00441976
29000;0.0657863;0.020331;0.174932;0.174932;0.0169928;0.000282454;0.0032576;0.0032576
29100;0.076933;0.0186876;0.160947;0.160947;0.0195802;0.000330805;0.00239641;0.00239641
29200;0.0895662;0.017252;0.147591;0.147591;0.0223338;0.00039065;0.00176627;0.00176627
29300;0.10367;0.0160165;0.134994;0.134994;0.0251824;0.000464302;0.00130899;0.00130899
29400;0.119151;0.0149764;0.123225;0.123225;0.0280292;0.000554583;0.000978696;0.000978696
29500;0.135818;0.0141305;0.112308;0.112308;0.030753;0.000664915;0.000740533;0.000740533
29600;0.153376;0.0134816;0.102238;0.102238;0.0332134;0.000799435;0.000568703;0.000568703
29700;0.171415;0.013036;0.0929867;0.0929867;0.0352589;0.000963128;0.000444464;0.000444464
29800;0.189422;0.0128052;0.084515;0.084515;0.0367369;0.00116198;0.00035438;0.00035438
29900;0.20679;0.0128054;0.0767762;0.0767762;0.037507;0.00140314;0.000288907;0.000288907
30000;0.222847;0.0130589;0.0697207;0.0697207;0.037455;0.00169512;0.000241317;0.000241317
30100;0.236899;0.0135947;0.063298;0.063298;0.0365103;0.00204799;0.000206895;0.000206895
30200;0.248276;0.0144495;0.0574587;0.0574587;0.0346646;0.00247355;0.000182367;0.000182367
30300;0.256404;0.0156686;0.0521556;0.0521556;0.0319887;0.00298554;0.000165486;0.000165486
30400;0.26087;0.017307;0.0473442;0.0473442;0.0286405;0.00359974;0.000154749;0.000154749
30500;0.261493;0.0194305;0.042983;0.042983;0.0248545;0.00433398;0.0001492;0.0001492
30600;0.258353;0.0221167;0.0390338;0.0390338;0.0209075;0.00520803;0.000148288;0.000148288
30700;0.251789;0.0254552;0.0354617;0.0354617;0.0170713;0.00624321;0.000151788;0.000151788
30800;0.242344;0.029548;0.032235;0.032235;0.0135648;0.00746158;0.000159736;0.000159736
30900;0.230681;0.0345081;0.0293252;0.0293252;0.0105265;0.00888475;0.000172401;0.000172401
31000;0.217487;0.0404576;0.0267068;0.0267068;0.00801128;0.0105319;0.000190273;0.000190273
31100;0.203406;0.0475226;0.0243574;0.0243574;0.00600625;0.0124171;0.000214066;0.000214066
31200;0.188982;0.0558273;0.0222574;0.0222574;0.00445599;0.014546;0.000244732;0.000244732
31300;0.174645;0.0654831;0.0203903;0.0203903;0.00328559;0.0169114;0.000283495;0.000283495
31400;0.160711;0.0765765;0.0187423;0.0187423;0.00241766;0.0194891;0.000331884;0.000331884
31500;0.147395;0.0891522;0.0173025;0.0173025;0.00178222;0.0222331;0.000391789;0.000391789
31600;0.134829;0.103195;0.0160633;0.0160633;0.0013209;0.025073;0.000465527;0.000465527
31700;0.123086;0.118613;0.0150199;0.0150199;0.000987589;0.0279122;0.000555922;0.000555922
31800;0.11219;0.135217;0.0141713;0.0141713;0.000747203;0.03063;0.0006664;0.0006664
31900;0.102136;0.152713;0.01352;0.01352;0.000573748;0.0330864;0.000801102;0.000801102
32000;0.092899;0.170694;0.0130725;0.0130725;0.000448329;0.0351298;0.000965018;0.000965018
32100;0.0844388;0.188646;0.0128401;0.0128401;0.00035739;0.0366079;0.00116414;0.00116414
32200;0.0767099;0.205966;0.0128391;0.0128391;0.000291298;0.03738;0.00140563;0.00140563
32300;0.0696627;0.221983;0.013092;0.013092;0.000243261;0.0373321;0.00169799;0.00169799
32400;0.0632472;0.236002;0.0136276;0.0136276;0.000208518;0.0363934;0.00205132;0.00205132
32500;0.0574142;0.247357;0.0144827;0.0144827;0.000183761;0.0345554;0.00247741;0.00247741
32600;0.0521166;0.255473;0.0157026;0.0157026;0.000166722;0.0318891;0.00299001;0.00299001
32700;0.04731;0.259938;0.0173423;0.0173423;0.000155882;0.0285522;0.00360491;0.00360491
32800;0.0429531;0.260571;0.0194678;0.0194678;0.000150273;0.0247784;0.00433993;0.00433993
32900;0.0390078;0.257453;0.0221565;0.0221565;0.000149339;0.0208442;0.00521485;0.00521485
33000;0.0354392;0.250921;0.0254981;0.0254981;0.000152851;0.0170203;0.00625096;0.00625096
33100;0.0322156;0.241516;0.0295947;0.0295947;0.000160842;0.0135251;0.00747028;0.00747028
33200;0.0293087;0.229898;0.0345591;0.0345591;0.000173584;0.0104966;0.00889436;0.00889436
33300;0.0266931;0.216755;0.0405133;0.0405133;0.000191568;0.0079893;0.0105423;0.0105423
33400;0.0243463;0.202725;0.0475832;0.0475832;0.000215512;0.0059905;0.012428;0.012428
33500;0.0222489;0.188353;0.0558926;0.0558926;0.000246374;0.00444494;0.014557;0.014557
33600;0.0203842;0.174068;0.0655524;0.0655524;0.000285384;0.00327797;0.0169218;0.0169218
33700;0.0187387;0.160183;0.0766484;0.0766484;0.000334081;0.00241251;0.0194979;0.0194979
33800;0.0173016;0.146913;0.0892244;0.0892244;0.000394367;0.0017788;0.022239;0.022239
33900;0.0160651;0.13439;0.103264;0.103264;0.000468572;0.00131868;0.0250741;0.0250741
34000;0.0150247;0.122687;0.118673;0.118673;0.000559537;0.000986198;0.0279066;0.0279066
34100;0.0141794;0.111828;0.135262;0.135262;0.000670708;0.000746378;0.0306152;0.0306152
34200;0.0135318;0.101808;0.152734;0.152734;0.00080625;0.000573312;0.0330597;0.0330597
34300;0.0130886;0.0926018;0.17068;0.17068;0.000971183;0.00044816;0.0350885;0.0350885
34400;0.0128611;0.0841698;0.188587;0.188587;0.00117153;0.000357408;0.0365494;0.0365494
34500;0.0128659;0.0764666;0.205847;0.205847;0.00141449;0.000291452;0.0373024;0.0373024
34600;0.0131254;0.0694428;0.221792;0.221792;0.00170862;0.000243517;0.037234;0.037234
34700;0.013669;0.0630485;0.235726;0.235726;0.00206405;0.000208858;0.0362751;0.0362751
34800;0.0145334;0.0572347;0.246986;0.246986;0.00249264;0.000184177;0.0344191;0.0344191
34900;0.0157643;0.0519547;0.255;0.255;0.00300819;0.000167212;0.0317391;0.0317391
35000;0.0174171;0.047164;0.259364;0.259364;0.00362655;0.000156452;0.0283949;0.0283949
35100;0.019558;0.0428216;0.259901;0.259901;0.00436561;0.000150933;0.0246216;0.0246216
35200;0.0222647;0.0388894;0.256701;0.256701;0.00524516;0.000150106;0.0206957;0.0206957
35300;0.0256274;0.0353329;0.250106;0.250106;0.00628653;0.000153745;0.0168866;0.0168866
35400;0.0297483;0.0321204;0.24066;0.24066;0.00751172;0.00016189;0.0134103;0.0134103
35500;0.0347406;0.0292236;0.229024;0.229024;0.0089422;0.000174819;0.0104021;0.0104021
35600;0.0407263;0.0266174;0.215884;0.215884;0.0105969;0.000193031;0.00791425;0.00791425
35700;0.0478312;0.0242793;0.201874;0.201874;0.0124895;0.000217252;0.00593271;0.00593271
35800;0.0561786;0.0221901;0.187535;0.187535;0.0146249;0.000248452;0.00440152;0.00440152
35900;0.0658788;0.0203332;0.173292;0.173292;0.0169954;0.000287873;0.00324598;0.00324598
36000;0.0770158;0.0186951;0.159455;0.159455;0.0195754;0.000337069;0.00238927;0.00238927
36100;0.0896316;0.0172653;0.146235;0.146235;0.022318;0.000397962;0.0017621;0.0017621
36200;0.103707;0.016036;0.133764;0.133764;0.0251512;0.000472903;0.00130677;0.00130677
36300;0.119145;0.015003;0.122111;0.122111;0.0279772;0.00056476;0.00097775;0.00097775
36400;0.135751;0.0141652;0.1113;0.1113;0.0306742;0.000677011;0.000740409;0.000740409
36500;0.153224;0.0135255;0.101326;0.101326;0.0331013;0.000813858;0.000569111;0.000569111
36600;0.171153;0.0130909;0.0921616;0.0921616;0.0351067;0.000980365;0.00044522;0.00044522
36700;0.189018;0.0128728;0.0837692;0.0837692;0.0365384;0.00118261;0.000355371;0.000355371
36800;0.20621;0.0128881;0.0761025;0.0761025;0.0372574;0.00142785;0.000290068;0.000290068
36900;0.22206;0.0131595;0.0691122;0.0691122;0.0371518;0.00172471;0.000242614;0.000242614
37000;0.235872;0.0137167;0.0627487;0.0627487;0.0361547;0.0020834;0.000208318;0.000208318
37100;0.246986;0.0145968;0.0569632;0.0569632;0.0342629;0.00251588;0.000183922;0.000183922
37200;0.254836;0.015846;0.0517088;0.0517088;0.0315533;0.00303604;0.000167192;0.000167192
37300;0.259028;0.01752;0.0469416;0.0469416;0.0281894;0.0036598;0.000156638;0.000156638
37400;0.259398;0.0196857;0.0426206;0.0426206;0.024409;0.00440516;0.000151314;0.000151314
37500;0.256045;0.0224214;0.0387081;0.0387081;0.0204889;0.00529199;0.000150682;0.000150682
37600;0.249322;0.0258177;0.0351694;0.0351694;0.0166967;0.00634166;0.000154529;0.000154529
37700;0.239782;0.0299773;0.0319733;0.0319733;0.0132446;0.00757615;0.000162906;0.000162906
37800;0.228085;0.035014;0.0290917;0.0290917;0.010264;0.00901684;0.0001761;0.0001761
37900;0.214916;0.0410499;0.0264993;0.0264993;0.00780357;0.0106824;0.000194622;0.000194622
38000;0.200905;0.0482109;0.0241742;0.0241742;0.00584678;0.0125862;0.000219211;0.000219211
38100;0.186588;0.0566196;0.022097;0.022097;0.00433649;0.0147326;0.000250851;0.000250851
38200;0.172381;0.0663852;0.0202515;0.0202515;0.00319772;0.0171129;0.0002908;0.0002908
38300;0.158591;0.0775898;0.0186243;0.0186243;0.00235398;0.0197007;0.000340633;0.000340633
38400;0.145425;0.0902726;0.0172049;0.0172049;0.00173656;0.0224476;0.000402294;0.000402294
38500;0.13301;0.104411;0.015986;0.015986;0.00128841;0.0252805;0.000478164;0.000478164
38600;0.121414;0.119902;0.0149632;0.0149632;0.000964597;0.0281001;0.000571144;0.000571144
38700;0.110659;0.136547;0.014136;0.014136;0.000731006;0.0307835;0.000684751;0.000684751
38800;0.100738;0.154039;0.0135072;0.0135072;0.000562394;0.033189;0.000823237;0.000823237
38900;0.0916245;0.171959;0.0130841;0.0130841;0.000440426;0.0351645;0.000991721;0.000991721
39000;0.0832793;0.189785;0.0128786;0.0128786;0.000351957;0.0365585;0.00119634;0.00119634
39100;0.0756565;0.206903;0.0129078;0.0129078;0.000287654;0.037233;0.00144444;0.00144444
39200;0.0687067;0.22264;0.0131947;0.0131947;0.000240933;0.0370783;0.00174474;0.00174474
39300;0.0623805;0.236302;0.0137695;0.0137695;0.000207187;0.0360306;0.00210753;0.00210753
39400;0.0566291;0.247233;0.0146699;0.0146699;0.000183216;0.0340909;0.00254488;0.00254488
39500;0.051406;0.254876;0.0159424;0.0159424;0.00016683;0.0313413;0.00307081;0.00307081
39600;0.0466675;0.258848;0.0176436;0.0176436;0.000156569;0.0279499;0.00370136;0.00370136
39700;0.0423726;0.259;0.0198408;0.0198408;0.00015151;0.0241577;0.00445465;0.00445465
39800;0.038484;0.255447;0.0226131;0.0226131;0.000151137;0.0202423;0.00535065;0.00535065
39900;0.0349672;0.248555;0.026052;0.026052;0.000155248;0.0164687;0.00641076;0.00641076
40000;0.0317912;0.238883;0.0302607;0.0302607;0.000163911;0.013045;0.00765698;0.00765698
40100;0.028928;0.227098;0.0353535;0.0353535;0.000177426;0.0100971;0.00911056;0.00911056
40200;0.0263526;0.21388;0.0414529;0.0414529;0.000196317;0.0076695;0.0107899;0.0107899
40300;0.0240433;0.199855;0.0486847;0.0486847;0.000221339;0.00574248;0.012708;0.012708
40400;0.0219808;0.185551;0.057171;0.057171;0.000253492;0.00425741;0.0148684;0.0148684
40500;0.0201492;0.171378;0.0670196;0.0670196;0.000294054;0.00313893;0.0172614;0.0172614
40600;0.0185352;0.157635;0.0783103;0.0783103;0.000344624;0.0023109;0.0198594;0.0198594
40700;0.0171285;0.144525;0.0910789;0.0910789;0.000407172;0.0017053;0.0226125;0.0226125
40800;0.0159219;0.132171;0.105298;0.105298;0.000484113;0.00126587;0.0254459;0.0254459
40900;0.0149116;0.120636;0.12086;0.12086;0.000578385;0.000948402;0.0282588;0.0282588
41000;0.0140968;0.109942;0.137558;0.137558;0.000693553;0.000719382;0.0309268;0.0309268
41100;0.0134811;0.10008;0.155079;0.155079;0.000833921;0.000554048;0.0333074;0.0333074
41200;0.0130717;0.0910222;0.172997;0.172997;0.00100468;0.000434428;0.0352483;0.0352483
41300;0.012881;0.0827295;0.190783;0.190783;0.00121203;0.000347648;0.0365983;0.0365983
41400;0.0129264;0.0751555;0.207819;0.207819;0.00146342;0.000284568;0.0372207;0.0372207
41500;0.0132315;0.068251;0.223429;0.223429;0.00176765;0.000238745;0.0370085;0.0370085
41600;0.0138268;0.0619664;0.236922;0.236922;0.00213515;0.000205671;0.0359016;0.0359016
41700;0.0147506;0.0562532;0.247644;0.247644;0.0025781;0.000182217;0.0339061;0.0339061
41800;0.0160502;0.0510651;0.255048;0.255048;0.00311066;0.000166246;0.0311095;0.0311095
41900;0.0177827;0.0463586;0.258766;0.258766;0.00374901;0.000156336;0.0276857;0.0276857
42000;0.0200163;0.0420931;0.258666;0.258666;0.0045114;0.000151591;0.0238793;0.0238793
42100;0.0228309;0.0382313;0.25488;0.25488;0.00541791;0.000151517;0.0199684;0.0199684
42200;0.0263187;0.0347391;0.24779;0.24779;0.00649002;0.000155933;0.0162154;0.0162154
42300;0.0305839;0.0315856;0.237965;0.237965;0.00774971;0.000164921;0.0128231;0.0128231
42400;0.0357412;0.0287431;0.226074;0.226074;0.00921808;0.000178797;0.00991171;0.00991171
42500;0.0419136;0.0261868;0.212794;0.212794;0.0109133;0.0001981;0.00752053;0.00752053
42600;0.0492269;0.0238951;0.198747;0.198747;0.0128477;0.000223602;0.0056266;0.0056266
42700;0.0578024;0.0218492;0.184452;0.184452;0.0150241;0.000256323;0.00416953;0.00416953
42800;0.0677463;0.0200331;0.170311;0.170311;0.0174318;0.000297563;0.00307358;0.00307358
42900;0.0791361;0.0184339;0.156617;0.156617;0.0200416;0.000348944;0.00226298;0.00226298
43000;0.0920034;0.0170414;0.143565;0.143565;0.0228019;0.000412468;0.0016705;0.0016705
43100;0.106316;0.0158487;0.131274;0.131274;0.0256362;0.000490584;0.00124075;0.00124075
43200;0.121959;0.0148521;0.119804;0.119804;0.0284418;0.000586275;0.000930326;0.000930326
43300;0.138719;0.0140514;0.109174;0.109174;0.031093;0.000703155;0.00070638;0.00070638
43400;0.156275;0.01345;0.0993748;0.0993748;0.033446;0.00084559;0.000544688;0.000544688
43500;0.174194;0.0130559;0.0903768;0.0903768;0.0353484;0.00101883;0.00042768;0.00042768
43600;0.191938;0.0128816;0.08214;0.08214;0.0366496;0.00122919;0.000342779;0.000342779
43700;0.208886;0.0129449;0.0746182;0.0746182;0.0372146;0.00148418;0.00028106;0.00028106
43800;0.224359;0.01327;0.067762;0.067762;0.036939;0.00179273;0.000236237;0.000236237
43900;0.237665;0.013888;0.0615219;0.0615219;0.035767;0.00216538;0.000203911;0.000203911
44000;0.248158;0.0148376;0.0558496;0.0558496;0.0337102;0.00261448;0.000181034;0.000181034
44100;0.255301;0.016167;0.0506991;0.0506991;0.0308624;0.0031543;0.000165524;0.000165524
44200;0.258742;0.0179339;0.0460269;0.0460269;0.0274035;0.0038012;0.000156001;0.000156001
44300;0.258366;0.0202075;0.0417928;0.0417928;0.0235819;0.00457356;0.000151603;0.000151603
44400;0.254327;0.0230685;0.0379597;0.0379597;0.0196762;0.00549158;0.000151858;0.000151858
44500;0.247021;0.02661;0.0344938;0.0344938;0.0159456;0.00657681;0.000156606;0.000156606
44600;0.237028;0.030937;0.0313645;0.0313645;0.0125871;0.00785122;0.000165947;0.000165947
44700;0.22502;0.0361651;0.0285442;0.0285442;0.00971478;0.00933577;0.000180212;0.000180212
44800;0.211672;0.0424174;0.0260084;0.0260084;0.00736254;0.0110483;0.00019996;0.00019996
44900;0.197599;0.0498198;0.0237357;0.0237357;0.00550382;0.0130005;0.000225978;0.000225978
45000;0.183311;0.0584928;0.0217075;0.0217075;0.00407649;0.0151944;0.000259308;0.000259308
45100;0.169202;0.0685409;0.0199081;0.0199081;0.00300441;0.0176179;0.000301273;0.000301273
45200;0.155557;0.0800386;0.0183247;0.0183247;0.00221226;0.0202404;0.000353522;0.000353522
45300;0.142565;0.0930135;0.0169474;0.0169474;0.00163367;0.0230085;0.000418089;0.000418089
45400;0.130339;0.107427;0.0157696;0.0157696;0.00121415;0.0258436;0.000497463;0.000497463
45500;0.118936;0.123159;0.0147878;0.0147878;0.000911162;0.0286413;0.00059467;0.00059467
45600;0.108374;0.139987;0.014002;0.014002;0.000692581;0.0312741;0.000713379;0.000713379
45700;0.0986394;0.157581;0.0134162;0.0134162;0.000534738;0.0335974;0.00085802;0.00085802
45800;0.0897033;0.1755;0.0130383;0.0130383;0.000420492;0.0354583;0.00103392;0.00103392
45900;0.0815249;0.193201;0.0128815;0.0128815;0.000337579;0.0367072;0.00124748;0.00124748
46000;0.0740573;0.210054;0.0129641;0.0129641;0.000277302;0.0372106;0.00150631;0.00150631
46100;0.0672514;0.225379;0.0133106;0.0133106;0.000233539;0.0368673;0.00181947;0.00181947
46200;0.0610578;0.238487;0.0139527;0.0139527;0.000202007;0.0356262;0.00219763;0.00219763
46300;0.0554282;0.248735;0.01493;0.01493;0.000179741;0.0335045;0.00265328;0.00265328
46400;0.0503168;0.255601;0.0162911;0.0162911;0.000164721;0.0306031;0.00320085;0.00320085
46500;0.0456804;0.258747;0.0180948;0.0180948;0.00015561;0.0271079;0.00385686;0.00385686
46600;0.0414791;0.25808;0.0204111;0.0204111;0.00015158;0.0232711;0.00463984;0.00463984
46700;0.037676;0.253774;0.0233216;0.0233216;0.000152184;0.0193717;0.00557012;0.00557012
46800;0.0342376;0.246242;0.0269204;0.0269204;0.000157283;0.0156652;0.00666931;0.00666931
46900;0.0311335;0.236073;0.0313133;0.0313133;0.000166996;0.0123426;0.00795937;0.00795937
47000;0.0283363;0.223942;0.0366167;0.0366167;0.000181673;0.00951121;0.00946108;0.00946108
47100;0.025822;0.210524;0.0429541;0.0429541;0.000201889;0.00719953;0.0111919;0.0111919
47200;0.0235691;0.196423;0.0504512;0.0504512;0.000228451;0.00537735;0.0131629;0.0131629
47300;0.0215594;0.182142;0.0592276;0.0592276;0.000262422;0.00398076;0.0153752;0.0153752
47400;0.0197774;0.168065;0.0693862;0.0693862;0.000305149;0.00293328;0.0178154;0.0178154
47500;0.0182105;0.15447;0.0809982;0.0809982;0.000358311;0.00216013;0.0204512;0.0204512
47600;0.0168492;0.141539;0.0940866;0.0940866;0.000423975;0.00159581;0.0232272;0.0232272
47700;0.015687;0.12938;0.108608;0.108608;0.00050467;0.0011868;0.0260628;0.0260628
47800;0.0147207;0.118047;0.124432;0.124432;0.000603469;0.000891452;0.0288517;0.0288517
47900;0.0139505;0.107553;0.14133;0.14133;0.0007241;0.000678377;0.0314647;0.0314647
48000;0.0133808;0.097885;0.158964;0.158964;0.000871058;0.000524487;0.0337563;0.0337563
48100;0.0130201;0.0890124;0.176882;0.176882;0.00104976;0.000413077;0.0355734;0.0355734
48200;0.0128817;0.0808937;0.194535;0.194535;0.00126667;0.000332206;0.036767;0.036767
48300;0.0129844;0.0734818;0.211287;0.211287;0.00152955;0.000273412;0.0372058;0.0372058
48400;0.0133534;0.0667276;0.226457;0.226457;0.00184754;0.000230739;0.0367919;0.0367919
48500;0.0140208;0.0605815;0.239355;0.239355;0.00223148;0.000200025;0.0354788;0.0354788
48600;0.015027;0.0549957;0.249348;0.249348;0.00269399;0.00017839;0.0332902;0.0332902
48700;0.0164215;0.0499244;0.255923;0.255923;0.00324969;0.000163877;0.030334;0.030334
48800;0.0182638;0.0453248;0.258763;0.258763;0.00391525;0.000155193;0.0268022;0.0268022
48900;0.0206248;0.0411571;0.257795;0.257795;0.00470936;0.000151543;0.022951;0.022951
49000;0.0235872;0.0373848;0.253214;0.253214;0.00565247;0.000152509;0.0190593;0.0190593
49100;0.027246;0.0339746;0.245449;0.245449;0.00676627;0.000157974;0.0153785;0.0153785
49200;0.031708;0.0308963;0.2351;0.2351;0.00807266;0.000168074;0.0120934;0.0120934
49300;0.0370902;0.028123;0.222845;0.222845;0.00959227;0.000183179;0.00930433;0.00930433
49400;0.0435165;0.0256306;0.209354;0.209354;0.0113421;0.000203882;0.00703426;0.00703426
49500;0.0511125;0.0233981;0.195226;0.195226;0.0133327;0.00023101;0.00524934;0.00524934
49600;0.0599968;0.0214074;0.180952;0.180952;0.015564;0.000265648;0.003884;0.003884
49700;0.0702703;0.0196433;0.16691;0.16691;0.0180213;0.000309168;0.00286147;0.00286147
49800;0.082001;0.0180935;0.153366;0.153366;0.0206705;0.000363278;0.00210753;0.00210753
49900;0.0952071;0.0167486;0.140497;0.140497;0.0234544;0.000430083;0.00155761;0.00155761
50000;0.109838;0.0156024;0.128406;0.128406;0.0262901;0.00051215;0.00115921;0.00115921
50100;0.125758;0.014652;0.117143;0.117143;0.0290693;0.000612605;0.00087156;0.00087156
50200;0.142728;0.013898;0.106719;0.106719;0.0316612;0.000735232;0.000664034;0.000664034
50300;0.1604;0.0133451;0.0971192;0.0971192;0.0339194;0.000884599;0.000514127;0.000514127
50400;0.178316;0.013002;0.0883111;0.0883111;0.0356905;0.0010662;0.000405576;0.000405576
50500;0.195916;0.0128825;0.080253;0.080253;0.0368265;0.00128661;0.000326766;0.000326766
50600;0.212562;0.0130061;0.0728977;0.0728977;0.0371983;0.00155367;0.000269469;0.000269469
50700;0.227569;0.0133983;0.0661959;0.0661959;0.0367115;0.0018767;0.000227898;0.000227898
50800;0.240249;0.0140921;0.0600981;0.0600981;0.0353247;0.00226663;0.000198012;0.000198012
50900;0.249976;0.0151283;0.0545567;0.0545567;0.033068;0.00273627;0.000177017;0.000177017
51000;0.256252;0.0165573;0.0495261;0.0495261;0.0300565;0.0033004;0.000163018;0.000163018
51100;0.258778;0.0184396;0.0449638;0.0449638;0.0264888;0.00397586;0.000154769;0.000154769
51200;0.257502;0.020847;0.0408303;0.0408303;0.0226244;0.00478149;0.000151509;0.000151509
51300;0.25264;0.0238632;0.0370892;0.0370892;0.0187419;0.00573789;0.000152846;0.000152846
51400;0.24464;0.0275842;0.0337076;0.0337076;0.0150885;0.00686679;0.000158686;0.000158686
51500;0.23411;0.0321177;0.0306556;0.0306556;0.0118422;0.00819005;0.000169185;0.000169185
51600;0.221731;0.0375814;0.0279065;0.0279065;0.00909645;0.0097281;0.00018473;0.00018473
51700;0.208169;0.0440997;0.0254364;0.0254364;0.00686859;0.0114976;0.000205935;0.000205935
51800;0.194015;0.0517977;0.0232246;0.0232246;0.00512129;0.0135082;0.000233647;0.000233647
51900;0.17975;0.0607933;0.0212533;0.0212533;0.00378735;0.0157589;0.000268972;0.000268972
52000;0.165743;0.0711851;0.0195074;0.0195074;0.00278981;0.0182335;0.000313311;0.000313311
52100;0.152252;0.0830375;0.0179749;0.0179749;0.00205508;0.0208962;0.000368401;0.000368401
52200;0.139446;0.096364;0.0166467;0.0166467;0.00151954;0.0236876;0.000436381;0.000436381
52300;0.127424;0.111108;0.0155169;0.0155169;0.0011317;0.0265228;0.000519865;0.000519865
52400;0.116233;0.127124;0.0145828;0.0145828;0.000851727;0.0292913;0.000622029;0.000622029
52500;0.105879;0.144165;0.0138453;0.0138453;0.000649728;0.0318609;0.000746716;0.000746716
52600;0.0963475;0.161875;0.0133095;0.0133095;0.000503788;0.034084;0.000898568;0.000898568
52700;0.0876044;0.179785;0.0129844;0.0129844;0.000398086;0.0358073;0.00108316;0.00108316
52800;0.0796075;0.197329;0.0128845;0.0128845;0.000321329;0.036884;0.00130717;0.00130717
52900;0.0723093;0.213862;0.0130295;0.0130295;0.000265525;0.0371869;0.00157856;0.00157856
53000;0.0656602;0.228698;0.0134456;0.0134456;0.000225055;0.0366255;0.00190677;0.00190677
53100;0.0596111;0.241152;0.0141664;0.0141664;0.000195997;0.0351638;0.00230288;0.00230288
53200;0.0541144;0.250606;0.0152335;0.0152335;0.000175644;0.0328385;0.00277987;0.00277987
53300;0.0491249;0.256576;0.0166981;0.0166981;0.000162163;0.0297721;0.00335268;0.00335268
53400;0.0446002;0.258782;0.0186216;0.0186216;0.000154352;0.0261693;0.00403833;0.00403833
53500;0.040501;0.257194;0.0210767;0.0210767;0.000151487;0.0222934;0.00485582;0.00485582
53600;0.0367915;0.25205;0.0241482;0.0241482;0.000153202;0.0184218;0.00582587;0.00582587
53700;0.0334388;0.243814;0.0279331;0.0279331;0.000159424;0.0147973;0.00697026;0.00697026
53800;0.0304132;0.233105;0.0325401;0.0325401;0.00017033;0.0115908;0.00831082;0.00831082
53900;0.0276884;0.220604;0.0380875;0.0380875;0.000186327;0.00888911;0.00986773;0.00986773
54000;0.0252409;0.206973;0.0447001;0.0447001;0.000208047;0.0067038;0.0116572;0.0116572
54100;0.02305;0.192794;0.0525028;0.0525028;0.000236357;0.00499418;0.0136881;0.0136881
54200;0.0210982;0.17854;0.0616122;0.0616122;0.000272388;0.00369155;0.0159585;0.0159585
54300;0.0193707;0.164569;0.0721246;0.0721246;0.000317566;0.00271886;0.0184505;0.0184505
54400;0.0178557;0.151132;0.084101;0.084101;0.000373662;0.00200318;0.0211265;0.0211265
54500;0.0165445;0.138391;0.0975495;0.0975495;0.000442851;0.00148188;0.0239251;0.0239251
54600;0.0154312;0.126439;0.112406;0.112406;0.00052779;0.0011045;0.026759;0.026759
54700;0.0145136;0.115319;0.128519;0.128519;0.000631708;0.000832114;0.0295159;0.0295159
54800;0.0137929;0.105037;0.145631;0.145631;0.000758512;0.000635576;0.0320618;0.0320618
54900;0.0132745;0.0955735;0.163375;0.163375;0.000912915;0.000493555;0.0342484;0.0342484
55000;0.0129679;0.0868958;0.181276;0.181276;0.00110058;0.000390668;0.0359224;0.0359224
55100;0.0128879;0.0789603;0.198759;0.198759;0.00132829;0.000315942;0.036938;0.036938
55200;0.0130547;0.0717193;0.215175;0.215175;0.00160412;0.000261616;0.0371706;0.0371706
55300;0.0134953;0.0651232;0.229834;0.229834;0.00193764;0.000222237;0.0365335;0.0365335
55400;0.0142436;0.0591229;0.242055;0.242055;0.0023401;0.000194002;0.0349961;0.0349961
55500;0.0153424;0.0536711;0.25123;0.25123;0.00282462;0.000174288;0.0326023;0.0326023
55600;0.0168434;0.0487228;0.256888;0.256888;0.00340633;0.000161323;0.0294816;0.0294816
55700;0.018809;0.0442357;0.258769;0.258769;0.00410241;0.000153953;0.0258452;0.0258452
55800;0.021313;0.0401711;0.256868;0.256868;0.00493204;0.000151485;0.0219594;0.0219594
55900;0.0244411;0.0364931;0.251442;0.251442;0.00591604;0.000153581;0.0181005;0.0181005
56000;0.0282915;0.0331693;0.242971;0.242971;0.00707626;0.000160191;0.0145062;0.0145062
56100;0.0329737;0.0301704;0.232084;0.232084;0.00843445;0.000171512;0.0113406;0.0113406
56200;0.0386067;0.02747;0.219464;0.219464;0.0100106;0.000187969;0.00868339;0.00868339
56300;0.0453155;0.0250451;0.205766;0.205766;0.0118203;0.000210214;0.00654073;0.00654073
56400;0.0532248;0.0228752;0.191566;0.191566;0.0138718;0.000239136;0.00486865;0.00486865
56500;0.06245;0.020943;0.177325;0.177325;0.0161619;0.00027589;0.0035971;0.0035971
56600;0.0730849;0.019234;0.163392;0.163392;0.0186713;0.000321927;0.002649;0.002649
56700;0.0851867;0.0177367;0.15001;0.15001;0.0213604;0.000379052;0.00195211;0.00195211
56800;0.0987582;0.0164424;0.137334;0.137334;0.0241656;0.000449478;0.00144484;0.00144484
56900;0.113729;0.0153459;0.125453;0.125453;0.0269975;0.000535906;0.00107775;0.00107775
57000;0.129937;0.014445;0.114405;0.114405;0.0297417;0.00064162;0.000812822;0.000812822
57100;0.147118;0.0137413;0.104194;0.104194;0.0322628;0.00077059;0.000621652;0.000621652
57200;0.164895;0.0132405;0.0947999;0.0947999;0.0344115;0.000927605;0.000483484;0.000483484
57300;0.182783;0.0129526;0.0861876;0.0861876;0.0360347;0.00111842;0.000383364;0.000383364
57400;0.2002;0.0128927;0.0783135;0.0783135;0.0369878;0.00134991;0.000310636;0.000310636
57500;0.216492;0.0130818;0.0711297;0.0711297;0.0371488;0.00163029;0.000257765;0.000257765
57600;0.230967;0.0135473;0.0645866;0.0645866;0.0364351;0.00196924;0.000219462;0.000219462
57700;0.242951;0.0143238;0.0586352;0.0586352;0.0348217;0.00237818;0.000192039;0.000192039
57800;0.25184;0.0154548;0.0532283;0.0532283;0.0323596;0.0028704;0.000172959;0.000172959
57900;0.257182;0.0169929;0.048321;0.048321;0.0291858;0.0034612;0.000160508;0.000160508
58000;0.258736;0.0190016;0.0438717;0.0438717;0.0255174;0.00416794;0.000153577;0.000153577
58100;0.25652;0.0215554;0.0398415;0.0398415;0.0216235;0.00500995;0.000151507;0.000151507
58200;0.250813;0.0247414;0.0361951;0.0361951;0.017779;0.00600818;0.000153987;0.000153987
58300;0.242111;0.0286585;0.0329002;0.0329002;0.0142164;0.0071845;0.00016099;0.00016099
58400;0.231049;0.0334172;0.0299279;0.0299279;0.0110925;0.00856059;0.000172732;0.000172732
58500;0.218313;0.0391374;0.027252;0.027252;0.00848002;0.0101562;0.000189657;0.000189657
58600;0.204552;0.0459442;0.0248496;0.0248496;0.00637995;0.0119864;0.000212437;0.000212437
58700;0.190333;0.0539617;0.0227007;0.0227007;0.00474515;0.0140586;0.000241983;0.000241983
58800;0.176107;0.0633042;0.0207882;0.0207882;0.00350433;0.0163684;0.000279473;0.000279473
58900;0.162214;0.074063;0.0190978;0.0190978;0.00258045;0.018895;0.000326388;0.000326388
59000;0.148888;0.0862913;0.0176182;0.0176182;0.00190204;0.0215969;0.000384563;0.000384563
59100;0.136278;0.0999863;0.016341;0.016341;0.00140854;0.0244082;0.000456252;0.000456252
59200;0.124468;0.11507;0.0152613;0.0152613;0.00105154;0.0272373;0.000544202;0.000544202
59300;0.113493;0.131373;0.0143772;0.0143772;0.000793917;0.0299678;0.00065175;0.00065175
59400;0.103353;0.148621;0.0136906;0.0136906;0.000608004;0.0324628;0.000782933;0.000782933
59500;0.0940282;0.166428;0.0132076;0.0132076;0.000473609;0.0345723;0.000942615;0.000942615
59600;0.0854813;0.184298;0.0129387;0.0129387;0.0003762;0.0361433;0.00113664;0.00113664
59700;0.0776687;0.201644;0.0128993;0.0128993;0.00030543;0.0370327;0.001372;0.001372
59800;0.070542;0.217807;0.013111;0.013111;0.000253987;0.0371211;0.00165701;0.00165701
59900;0.0640517;0.232094;0.0136016;0.0136016;0.00021674;0.0363301;0.00200151;0.00200151
60000;0.0581491;0.243833;0.0144069;0.0144069;0.000190118;0.0346407;0.00241707;0.00241707
60100;0.0527869;0.252433;0.0155706;0.0155706;0.000171663;0.0321109;0.00291714;0.00291714
60200;0.0479207;0.257455;0.0171466;0.0171466;0.000159722;0.0288851;0.00351721;0.00351721
60300;0.0435089;0.25868;0.019199;0.019199;0.000153228;0.0251865;0.0042348;0.0042348
60400;0.0395131;0.25615;0.0218037;0.0218037;0.000151557;0.0212865;0.00508941;0.00508941
60500;0.0358982;0.250163;0.0250485;0.0250485;0.000154424;0.0174582;0.00610209;0.00610209
60600;0.0326322;0.241232;0.0290335;0.0290335;0.000161822;0.0139284;0.00729476;0.00729476
60700;0.0296863;0.230001;0.0338701;0.0338701;0.00017399;0.010847;0.00868901;0.00868901
60800;0.0270348;0.217152;0.0396788;0.0396788;0.00019139;0.00827946;0.0103042;0.0103042
60900;0.024655;0.203332;0.0465849;0.0465849;0.000214714;0.00622182;0.0121551;0.0121551
61000;0.0225271;0.189097;0.0547122;0.0547122;0.000244895;0.00462395;0.0142482;0.0142482
61100;0.0206342;0.174889;0.0641733;0.0641733;0.000283136;0.00341342;0.0165777;0.0165777
61200;0.0189624;0.161037;0.0750571;0.0750571;0.000330945;0.00251335;0.0191213;0.0191213
61300;0.0175005;0.147768;0.0874126;0.0874126;0.000390192;0.00185308;0.0218355;0.0218355
61400;0.0162405;0.135225;0.101231;0.101231;0.000463169;0.00137306;0.0246522;0.0246522
61500;0.0151776;0.123487;0.116428;0.116428;0.00055267;0.00102592;0.0274777;0.0274777
61600;0.0143104;0.112584;0.132824;0.132824;0.000662089;0.000775437;0.0301935;0.0301935
61700;0.0136411;0.102516;0.150137;0.150137;0.000795528;0.00059466;0.0326612;0.0326612
61800;0.0131761;0.0932597;0.167969;0.167969;0.000957931;0.00046395;0.0347301;0.0347301
61900;0.0129262;0.0847781;0.185819;0.185819;0.00115523;0.000369191;0.0362478;0.0362478
62000;0.0129076;0.0770267;0.203089;0.203089;0.00139453;0.000300335;0.0370723;0.0370723
62100;0.0131421;0.069957;0.219116;0.219116;0.00168427;0.00025029;0.0370872;0.0370872
62200;0.0136584;0.0635194;0.233209;0.233209;0.00203443;0.00021408;0.0362185;0.0362185
62300;0.0144927;0.0576652;0.244699;0.244699;0.00245672;0.000188244;0.0344531;0.0344531
62400;0.0156898;0.0523476;0.253004;0.253004;0.00296479;0.000170405;0.0318563;0.0318563
62500;0.0173042;0.0475223;0.257704;0.257704;0.00357428;0.000158968;0.0285801;0.0285801
62600;0.0194012;0.0431479;0.2586;0.2586;0.00430292;0.000152909;0.0248532;0.0248532
62700;0.0220574;0.0391863;0.255756;0.255756;0.00517033;0.000151636;0.020949;0.020949
62800;0.025362;0.0356028;0.249493;0.249493;0.00619768;0.000154891;0.0171386;0.0171386
62900;0.0294161;0.0323655;0.240337;0.240337;0.00740692;0.000162689;0.013643;0.013643
63000;0.0343318;0.0294461;0.228939;0.228939;0.00881953;0.000175287;0.0106045;0.0106045
63100;0.0402302;0.0268189;0.215983;0.215983;0.0104546;0.000193169;0.00808206;0.00808206
63200;0.047237;0.0244616;0.202107;0.202107;0.0123263;0.000217046;0.0060666;0.0060666
63300;0.0554752;0.0223547;0.187859;0.187859;0.0144402;0.000247873;0.00450521;0.00450521
63400;0.0650561;0.0204814;0.17367;0.17367;0.0167894;0.000286877;0.00332451;0.00332451
63500;0.0760657;0.018828;0.159862;0.159862;0.0193497;0.000335596;0.0024478;0.0024478
63600;0.0885487;0.0173839;0.146652;0.146652;0.0220757;0.000395935;0.00180527;0.00180527
63700;0.102491;0.0161411;0.134176;0.134176;0.0248972;0.000470224;0.00133843;0.00133843
63800;0.117799;0.0150951;0.122509;0.122509;0.0277182;0.000561306;0.00100092;0.00100092
63900;0.134288;0.0142449;0.111679;0.111679;0.0304182;0.000672631;0.000757405;0.000757405
64000;0.151662;0.0135929;0.101683;0.101683;0.0328574;0.000808369;0.000581636;0.000581636
64100;0.169517;0.013146;0.0924952;0.0924952;0.0348846;0.000973543;0.000454521;0.000454521
64200;0.187341;0.0129154;0.0840787;0.0840787;0.0363476;0.00117418;0.000362346;0.000362346
64300;0.20453;0.0129177;0.0763883;0.0763883;0.0371062;0.00141749;0.000295359;0.000295359
64400;0.220417;0.0131754;0.0693753;0.0693753;0.0370469;0.00171204;0.00024668;0.00024668
64500;0.23431;0.0137177;0.0629902;0.0629902;0.0361001;0.00206795;0.000211484;0.000211484
64600;0.245545;0.0145815;0.0571843;0.0571843;0.034259;0.00249711;0.00018642;0.00018642
64700;0.253552;0.0158124;0.051911;0.051911;0.0315963;0.00301331;0.000169188;0.000169188
64800;0.257927;0.0174658;0.0471263;0.0471263;0.0282712;0.00363239;0.000158249;0.000158249
64900;0.258493;0.019608;0.0427891;0.0427891;0.0245178;0.00437223;0.000152622;0.000152622
65000;0.255337;0.0223167;0.0388616;0.0388616;0.0206116;0.00525263;0.000151747;0.000151747
65100;0.248801;0.0256819;0.0353093;0.0353093;0.0168208;0.00629486;0.00015539;0.00015539
65200;0.239425;0.029806;0.0321006;0.0321006;0.0133604;0.00752087;0.000163591;0.000163591
65300;0.227866;0.0348019;0.0292074;0.0292074;0.0103654;0.00895204;0.000176624;0.000176624
65400;0.214806;0.0407913;0.0266045;0.0266045;0.00788803;0.0106071;0.000194994;0.000194994
65500;0.200878;0.0478998;0.0242696;0.0242696;0.00591442;0.0124997;0.000219432;0.000219432
65600;0.186619;0.0562502;0.0221835;0.0221835;0.00438905;0.0146344;0.000250915;0.000250915
65700;0.172453;0.0659518;0.0203298;0.0203298;0.00323765;0.0170031;0.000290695;0.000290695
65800;0.15869;0.0770878;0.0186949;0.0186949;0.00238384;0.0195799;0.000340342;0.000340342
65900;0.145539;0.0896987;0.0172684;0.0172684;0.00175866;0.0223173;0.00040179;0.00040179
66000;0.133131;0.103764;0.0160428;0.0160428;0.00130468;0.0251429;0.000477415;0.000477415
66100;0.121537;0.119183;0.0150138;0.0150138;0.000976562;0.0279585;0.000570107;0.000570107
66200;0.110779;0.135761;0.0141806;0.0141806;0.000739829;0.0306416;0.000683372;0.000683372
66300;0.100854;0.153195;0.0135461;0.0135461;0.00056894;0.0330512;0.000821451;0.000821451
66400;0.0917353;0.171068;0.0131174;0.0131174;0.000445326;0.0350354;0.000989446;0.000989446
66500;0.0833837;0.188862;0.0129063;0.0129063;0.000355669;0.0364426;0.00119348;0.00119348
66600;0.075754;0.205965;0.0129297;0.0129297;0.000290505;0.0371343;0.00144088;0.00144088
66700;0.0687974;0.221707;0.0132108;0.0132108;0.00024316;0.037;0.00174032;0.00174032
66800;0.0624644;0.235395;0.0137794;0.0137794;0.000208956;0.035975;0.00210209;0.00210209
66900;0.0567065;0.24637;0.0146731;0.0146731;0.000184649;0.0340586;0.00253822;0.00253822
67000;0.0514773;0.254076;0.0159383;0.0159383;0.000168013;0.031331;0.00306268;0.00306268
67100;0.046733;0.258124;0.0176313;0.0176313;0.000157566;0.0279586;0.00369149;0.00369149
67200;0.0424328;0.25836;0.0198193;0.0198193;0.000152368;0.0241809;0.00444272;0.00444272
67300;0.0385392;0.254894;0.0225812;0.0225812;0.00015189;0.0202746;0.00533629;0.00533629
67400;0.0350178;0.248088;0.0260081;0.0260081;0.000155923;0.016505;0.00639358;0.00639358
67500;0.0318376;0.238496;0.0302031;0.0302031;0.000164528;0.0130809;0.00763656;0.00763656
67600;0.0289706;0.22678;0.0352802;0.0352802;0.000178002;0.0101298;0.00908645;0.00908645
67700;0.0263917;0.213621;0.0413616;0.0413616;0.000196866;0.00769749;0.0107617;0.0107617
67800;0.0240791;0.199645;0.0485731;0.0485731;0.000221872;0.00576537;0.0126752;0.0126752
67900;0.0220138;0.18538;0.0570366;0.0570366;0.000254022;0.0042755;0.0148308;0.0148308
68000;0.0201795;0.171238;0.0668598;0.0668598;0.000294592;0.00315288;0.0172188;0.0172188
68100;0.0185631;0.157521;0.0781228;0.0781228;0.00034518;0.00232148;0.0198118;0.0198118
68200;0.0171543;0.14443;0.0908615;0.0908615;0.000407758;0.00171324;0.02256;0.02256
68300;0.0159459;0.132092;0.105049;0.105049;0.000484742;0.00127181;0.025389;0.025389
68400;0.0149339;0.120569;0.120579;0.120579;0.000579071;0.000952838;0.0281982;0.0281982
68500;0.0141177;0.109885;0.137244;0.137244;0.000694312;0.000722714;0.0308634;0.0308634
68600;0.0135007;0.100031;0.154734;0.154734;0.000834772;0.000556573;0.0332421;0.0332421
68700;0.0130903;0.0909803;0.172622;0.172622;0.00100564;0.000436368;0.0351822;0.0351822
68800;0.0128988;0.0826933;0.190381;0.190381;0.00121313;0.000349163;0.0365325;0.0365325
68900;0.0129436;0.075124;0.207393;0.207393;0.00146468;0.000285775;0.0371563;0.0371563
69000;0.0132484;0.0682235;0.222984;0.222984;0.0017691;0.00023973;0.0369465;0.0369465
69100;0.0138436;0.0619424;0.236461;0.236461;0.00213682;0.000206497;0.0358431;0.0358431
69200;0.0147675;0.0562322;0.247173;0.247173;0.00258004;0.00018293;0.0338519;0.0338519
69300;0.0160675;0.0510468;0.254573;0.254573;0.00311289;0.000166881;0.0310605;0.0310605
69400;0.0178006;0.0463426;0.258293;0.258293;0.00375159;0.00015692;0.0276427;0.0276427
69500;0.0200352;0.0420791;0.2582;0.2582;0.00451436;0.000152148;0.0238427;0.0238427
69600;0.022851;0.0382192;0.254427;0.254427;0.00542128;0.000152065;0.0199383;0.0199383
69700;0.0263403;0.0347286;0.247354;0.247354;0.00649382;0.000156489;0.0161915;0.0161915
69800;0.0306072;0.0315767;0.237551;0.237551;0.00775395;0.000165502;0.0128047;0.0128047
69900;0.0357666;0.0287356;0.225683;0.225683;0.00922273;0.00017942;0.00989795;0.00989795
70000;0.0419412;0.0261807;0.21243;0.21243;0.0109183;0.000198784;0.00751053;0.00751053
70100;0.0492566;0.0238903;0.19841;0.19841;0.0128528;0.000224368;0.0056195;0.0056195
70200;0.0578341;0.0218456;0.184141;0.184141;0.0150292;0.000257194;0.00416459;0.00416459
70300;0.0677797;0.0200307;0.170026;0.170026;0.0174363;0.000298566;0.0030702;0.0030702
70400;0.0791701;0.0184327;0.156356;0.156356;0.0200451;0.000350112;0.00226072;0.00226072
70500;0.0920368;0.0170416;0.143327;0.143327;0.0228037;0.000413839;0.00166902;0.00166902
70600;0.106347;0.0158503;0.131057;0.131057;0.0256353;0.000492205;0.00123981;0.00123981
70700;0.121984;0.0148552;0.119607;0.119607;0.0284372;0.0005882;0.00092975;0.00092975
70800;0.138735;0.0140562;0.108996;0.108996;0.0310833;0.000705449;0.000706055;0.000706055
70900;0.156277;0.0134568;0.0992133;0.0992133;0.03343;0.000848332;0.000544534;0.000544534
71000;0.174177;0.0130649;0.0902305;0.0902305;0.0353247;0.00102212;0.000427644;0.000427644
71100;0.191896;0.0128931;0.0820078;0.0820078;0.036617;0.00123312;0.000342826;0.000342826
71200;0.208812;0.0129595;0.0744985;0.0744985;0.0371722;0.00148889;0.000281168;0.000281168
71300;0.224247;0.0132882;0.0676538;0.0676538;0.0368863;0.00179838;0.000236392;0.000236392
71400;0.237509;0.0139102;0.0614242;0.0614242;0.0357044;0.00217215;0.000204106;0.000204106
71500;0.247952;0.0148649;0.0557615;0.0557615;0.033639;0.00262256;0.000181265;0.000181265
71600;0.255044;0.0162;0.0506195;0.0506195;0.0307851;0.00316395;0.000165793;0.000165793
71700;0.258434;0.0179739;0.0459552;0.0459552;0.0273236;0.00381267;0.000156312;0.000156312
71800;0.258012;0.0202556;0.0417283;0.0417283;0.0235035;0.00458714;0.000151961;0.000151961
71900;0.253934;0.0231261;0.0379017;0.0379017;0.019603;0.00550759;0.000152273;0.000152273
72000;0.2466;0.0266787;0.0344417;0.0344417;0.0158806;0.00659556;0.000157089;0.000157089
72100;0.23659;0.0310184;0.0313179;0.0313179;0.0125319;0.00787301;0.000166513;0.000166513
72200;0.224576;0.0362611;0.0285026;0.0285026;0.00966986;0.00936083;0.000180879;0.000180879
72300;0.211233;0.0425298;0.0259715;0.0259715;0.00732719;0.0110768;0.00020075;0.00020075
72400;0.197172;0.0499502;0.0237031;0.0237031;0.00547681;0.0130324;0.000226919;0.000226919
72500;0.182902;0.0586427;0.021679;0.021679;0.00405632;0.0152294;0.000260431;0.000260431
72600;0.168816;0.0687112;0.0198834;0.0198834;0.0029896;0.0176556;0.000302618;0.000302618
72700;0.155195;0.0802295;0.0183038;0.0183038;0.00220155;0.0202797;0.000355138;0.000355138
72800;0.142229;0.0932239;0.0169302;0.0169302;0.00162598;0.0230481;0.000420033;0.000420033
72900;0.130029;0.107655;0.0157561;0.0157561;0.00120868;0.0258815;0.000499804;0.000499804
73000;0.118651;0.123399;0.014778;0.014778;0.000907288;0.0286752;0.000597493;0.000597493
73100;0.108113;0.140233;0.0139961;0.0139961;0.000689848;0.0313012;0.000716786;0.000716786
73200;0.098401;0.157825;0.0134144;0.0134144;0.000532819;0.0336147;0.000862132;0.000862132
73300;0.0894861;0.175732;0.013041;0.013041;0.000419153;0.0354629;0.00103889;0.00103889
73400;0.0813273;0.193407;0.0128892;0.0128892;0.000336657;0.0366961;0.00125347;0.00125347
73500;0.0738778;0.210222;0.0129773;0.0129773;0.000276683;0.0371817;0.00151353;0.00151353
73600;0.0670885;0.225494;0.0133301;0.0133301;0.000233144;0.0368193;0.00182816;0.00182816
73700;0.0609101;0.238536;0.0139795;0.0139795;0.000201783;0.035559;0.00220807;0.00220807
73800;0.0552944;0.248707;0.0149651;0.0149651;0.000179654;0.03342;0.0026658;0.0026658
73900;0.0501957;0.255488;0.016336;0.016336;0.000164748;0.030505;0.00321584;0.00321584
74000;0.0455709;0.258547;0.018151;0.018151;0.000155741;0.0270017;0.00387473;0.00387473
74100;0.0413802;0.257797;0.0204805;0.0204805;0.000151809;0.0231635;0.00466107;0.00466107
74200;0.0375868;0.253417;0.0234065;0.0234065;0.000152515;0.0192689;0.00559522;0.00559522
74300;0.0341572;0.245826;0.0270231;0.0270231;0.000157724;0.0155723;0.00669879;0.00669879
74400;0.0310612;0.235614;0.0314367;0.0314367;0.000167561;0.0122628;0.00799372;0.00799372
74500;0.0282716;0.223458;0.0367635;0.0367635;0.00018238;0.00944561;0.00950074;0.00950074
74600;0.0257641;0.21003;0.0431274;0.0431274;0.000202763;0.0071475;0.0112372;0.0112372
74700;0.0235177;0.195933;0.0506538;0.0506538;0.000229526;0.0053373;0.0132139;0.0132139
74800;0.021514;0.181665;0.0594621;0.0594621;0.000263736;0.00395065;0.0154316;0.0154316
74900;0.0197377;0.167609;0.0696543;0.0696543;0.00030675;0.00291106;0.0178765;0.0178765
75000;0.0181763;0.154039;0.0813007;0.0813007;0.000360258;0.00214394;0.0205156;0.0205156
75100;0.0168203;0.141136;0.0944226;0.0944226;0.000426341;0.00158411;0.0232932;0.0232932
75200;0.0156633;0.129006;0.108974;0.108974;0.000507542;0.0011784;0.0261276;0.0261276
75300;0.0147023;0.117701;0.124823;0.124823;0.000606953;0.000885444;0.0289121;0.0289121
75400;0.0139376;0.107236;0.141738;0.141738;0.000728323;0.000674084;0.0315168;0.0315168
75500;0.0133735;0.0975945;0.159377;0.159377;0.000876174;0.000521421;0.033796;0.033796
75600;0.0130189;0.0887471;0.177286;0.177286;0.00105595;0.00041089;0.0355965;0.0355965
75700;0.012887;0.0806519;0.194912;0.194912;0.00127416;0.000330652;0.0367696;0.0367696
75800;0.0129971;0.0732618;0.21162;0.21162;0.00153858;0.000272318;0.0371848;0.0371848
75900;0.0133743;0.0665276;0.226726;0.226726;0.00185844;0.000229985;0.0367455;0.0367455
76000;0.0140512;0.0604;0.239542;0.239542;0.0022446;0.000199528;0.0354069;0.0354069
76100;0.0150683;0.054831;0.249437;0.249437;0.00270975;0.000178095;0.0331951;0.0331951
76200;0.0164753;0.0497752;0.255904;0.255904;0.00326857;0.000163747;0.0302203;0.0302203
76300;0.0183322;0.0451897;0.258631;0.258631;0.00393778;0.000155207;0.0266772;0.0266772
76400;0.0207101;0.041035;0.257555;0.257555;0.00473614;0.000151691;0.022823;0.022823
76500;0.0236922;0.0372745;0.252876;0.252876;0.00568415;0.00015279;0.0189363;0.0189363
76600;0.0273738;0.0338751;0.245032;0.245032;0.0068035;0.000158393;0.015267;0.015267
76700;0.031862;0.0308068;0.234624;0.234624;0.00811609;0.000168646;0.0119973;0.0119973
76800;0.0372741;0.0280426;0.222331;0.222331;0.00964244;0.000183923;0.00922523;0.00922523
76900;0.0437341;0.0255587;0.208822;0.208822;0.0113994;0.000204825;0.00697145;0.00697145
77000;0.0513674;0.023334;0.194692;0.194692;0.0133973;0.000232189;0.00520095;0.00520095
77100;0.0602924;0.0213507;0.180429;0.180429;0.0156355;0.000267107;0.00384757;0.00384757
77200;0.0706088;0.0195935;0.166406;0.166406;0.0180989;0.000310962;0.00283453;0.00283453
77300;0.0823835;0.0180503;0.152888;0.152888;0.0207527;0.000365475;0.00208787;0.00208787
77400;0.0956327;0.0167119;0.140049;0.140049;0.0235388;0.000432765;0.00154338;0.00154338
77500;0.110304;0.015572;0.127989;0.127989;0.0263735;0.000515418;0.00114896;0.00114896
77600;0.126256;0.0146279;0.116758;0.116758;0.0291477;0.000616581;0.000864202;0.000864202
77700;0.143249;0.0138805;0.106364;0.106364;0.0317301;0.000740062;0.000658753;0.000658753
77800;0.160931;0.0133342;0.0967938;0.0967938;0.0339738;0.00089046;0.000510334;0.000510334
77900;0.178839;0.0129983;0.0880136;0.0880136;0.0357254;0.0010733;0.00040285;0.00040285
78000;0.196411;0.0128867;0.0799816;0.0799816;0.0368374;0.00129521;0.000324809;0.000324809
78100;0.213008;0.0130189;0.0726506;0.0726506;0.0371815;0.00156407;0.000268072;0.000268072
78200;0.227941;0.0134208;0.0659711;0.0659711;0.0366648;0.00188924;0.000226914;0.000226914
78300;0.240527;0.0141256;0.059894;0.059894;0.0352481;0.00228173;0.00019734;0.00019734
78400;0.250141;0.0151744;0.0543714;0.0543714;0.0329643;0.00275442;0.000176589;0.000176589
78500;0.256292;0.016618;0.0493582;0.0493582;0.0299313;0.00332215;0.000162788;0.000162788
78600;0.258687;0.0185172;0.0448117;0.0448117;0.0263502;0.00400182;0.00015471;0.00015471
78700;0.257286;0.0209442;0.0406927;0.0406927;0.0224822;0.00481237;0.000151608;0.000151608
78800;0.252311;0.0239832;0.0369649;0.0369649;0.0186052;0.00577441;0.000153099;0.000153099
78900;0.244218;0.0277306;0.0335955;0.0335955;0.0149647;0.00690971;0.000159097;0.000159097
79000;0.233619;0.0322944;0.0305546;0.0305546;0.0117356;0.00824011;0.000169769;0.000169769
79100;0.221194;0.0377926;0.0278157;0.0278157;0.00900876;0.00978593;0.000185508;0.000185508
79200;0.207609;0.0443498;0.0253551;0.0253551;0.00679903;0.0115636;0.000206936;0.000206936
79300;0.193449;0.0520909;0.0231521;0.0231521;0.00506772;0.0135825;0.00023491;0.00023491
79400;0.179195;0.0611334;0.0211891;0.0211891;0.00374703;0.0158412;0.000270546;0.000270546
79500;0.165207;0.0715746;0.019451;0.019451;0.00276;0.0183229;0.000315255;0.000315255
79600;0.151742;0.0834778;0.0179259;0.0179259;0.0020333;0.0209908;0.00037079;0.00037079
79700;0.138967;0.0968539;0.0166049;0.0166049;0.00150377;0.0237849;0.000439306;0.000439306
79800;0.126979;0.111643;0.0154821;0.0154821;0.00112033;0.026619;0.000523436;0.000523436
79900;0.11582;0.127697;0.0145551;0.0145551;0.00084355;0.029382;0.000626379;0.000626379
80000;0.105499;0.144766;0.0138249;0.0138249;0.000643845;0.031941;0.000752007;0.000752007
80100;0.095999;0.162487;0.0132965;0.0132965;0.000499551;0.0341479;0.000904994;0.000904994
80200;0.0872856;0.18039;0.0129795;0.0129795;0.000395029;0.0358495;0.00109095;0.00109095
80300;0.0793166;0.197904;0.0128882;0.0128882;0.000319124;0.0368995;0.00131661;0.00131661
80400;0.0720442;0.214383;0.0130428;0.0130428;0.00026394;0.0371717;0.00158998;0.00158998
80500;0.0654191;0.229138;0.0134696;0.0134696;0.000223928;0.0365773;0.00192054;0.00192054
80600;0.0593921;0.241489;0.0142025;0.0142025;0.000195216;0.0350827;0.00231948;0.00231948
80700;0.0539156;0.250819;0.0152836;0.0152836;0.000175134;0.0327277;0.00279982;0.00279982
80800;0.0489446;0.256651;0.0167642;0.0167642;0.000161872;0.0296379;0.00337658;0.00337658
80900;0.0444369;0.258714;0.0187063;0.0187063;0.000154251;0.026021;0.00406687;0.00406687
81000;0.0403533;0.256989;0.0211831;0.0211831;0.000151558;0.0221413;0.00488975;0.00488975
81100;0.0366579;0.251722;0.0242797;0.0242797;0.000153441;0.018276;0.005866;0.005866
81200;0.0333182;0.243385;0.0280936;0.0280936;0.000159837;0.0146655;0.00701741;0.00701741
81300;0.0303047;0.2326;0.0327339;0.0327339;0.00017093;0.0114777;0.00836579;0.00836579
81400;0.0275909;0.220049;0.0383193;0.0383193;0.000187137;0.0087962;0.00993121;0.00993121
81500;0.0251535;0.206392;0.0449746;0.0449746;0.000209097;0.00663022;0.0117296;0.0117296
81600;0.022972;0.192207;0.0528245;0.0528245;0.000237689;0.00493758;0.0137697;0.0137697
81700;0.0210291;0.177962;0.0619851;0.0619851;0.000274053;0.003649;0.0160487;0.0160487
81800;0.0193099;0.164011;0.0725517;0.0725517;0.00031963;0.00268742;0.0185483;0.0185483
81900;0.0178029;0.150601;0.0845835;0.0845835;0.000376202;0.00198022;0.02123;0.02123
82000;0.0164994;0.137892;0.0980861;0.0980861;0.000445965;0.00146524;0.0240313;0.0240313
82100;0.0153937;0.125974;0.112993;0.112993;0.000531597;0.0010925;0.026864;0.026864
82200;0.0144837;0.114889;0.129147;0.129147;0.000636349;0.000823472;0.0296148;0.0296148
82300;0.0137708;0.10464;0.146288;0.146288;0.000764161;0.000629351;0.0321492;0.0321492
82400;0.0132604;0.09521;0.164045;0.164045;0.000919779;0.000489064;0.0343182;0.0343182
82500;0.0129623;0.0865632;0.181938;0.181938;0.00110891;0.000387421;0.0359688;0.0359688
82600;0.0128916;0.0786567;0.199388;0.199388;0.00133838;0.000313594;0.0369556;0.0369556
82700;0.0130687;0.0714427;0.215745;0.215745;0.00161632;0.000259922;0.0371553;0.0371553
82800;0.0135207;0.0648715;0.230318;0.230318;0.00195237;0.000221027;0.0364829;0.0364829
82900;0.0142821;0.0588943;0.242429;0.242429;0.00235784;0.000193158;0.0349107;0.0349107
83000;0.0153957;0.0534636;0.251471;0.251471;0.00284595;0.00017373;0.0324855;0.0324855
83100;0.0169139;0.0485345;0.256983;0.256983;0.00343188;0.000160998;0.0293406;0.0293406
83200;0.0188995;0.0440652;0.258713;0.258713;0.00413292;0.000153829;0.0256897;0.0256897
83300;0.0214266;0.0400168;0.256666;0.256666;0.00496831;0.000151544;0.0218005;0.0218005
83400;0.0245816;0.0363536;0.25111;0.25111;0.00595892;0.000153818;0.0179487;0.0179487
83500;0.028463;0.0330434;0.242534;0.242534;0.00712663;0.000160611;0.0143695;0.0143695
83600;0.0331807;0.0300569;0.231568;0.231568;0.00849313;0.00017213;0.0112237;0.0112237
83700;0.0388542;0.0273681;0.218895;0.218895;0.0100783;0.000188809;0.00858755;0.00858755
83800;0.0456085;0.0249537;0.205171;0.205171;0.0118975;0.000211307;0.00646499;0.00646499
83900;0.0535681;0.0227937;0.190963;0.190963;0.0139586;0.000240527;0.00481049;0.00481049
84000;0.0628477;0.0208708;0.176732;0.176732;0.0162579;0.000277631;0.00355343;0.00355343
84100;0.0735401;0.0191705;0.16282;0.16282;0.0187752;0.000324088;0.00261674;0.00261674
84200;0.0857005;0.0176815;0.149466;0.149466;0.0214701;0.000381715;0.00192857;0.00192857
84300;0.0993291;0.0163953;0.136822;0.136822;0.024278;0.000452745;0.00142778;0.00142778
84400;0.114352;0.0153067;0.124976;0.124976;0.0271085;0.000539902;0.00106545;0.00106545
84500;0.130604;0.0144138;0.113964;0.113964;0.029846;0.000646495;0.000803954;0.000803954
84600;0.147815;0.0137182;0.103788;0.103788;0.0323546;0.000776525;0.000615258;0.000615258
84700;0.165604;0.0132258;0.0944269;0.0944269;0.0344846;0.000934818;0.000478866;0.000478866
84800;0.183483;0.0129469;0.0858464;0.0858464;0.036083;0.00112717;0.000380021;0.000380021
84900;0.200865;0.0128968;0.0780021;0.0780021;0.0370057;0.00136052;0.000308213;0.000308213
85000;0.217094;0.0130966;0.0708459;0.0708459;0.0371322;0.00164311;0.000256014;0.000256014
85100;0.231479;0.0135741;0.0643284;0.0643284;0.0363817;0.00198472;0.000218208;0.000218208
85200;0.243345;0.0143643;0.0584006;0.0584006;0.0347322;0.00239684;0.000191162;0.000191162
85300;0.252096;0.015511;0.0530153;0.0530153;0.0322378;0.00289282;0.000172376;0.000172376
85400;0.257285;0.0170672;0.0481279;0.0481279;0.0290393;0.00348806;0.000160166;0.000160166
85500;0.258682;0.0190968;0.0436967;0.0436967;0.0253566;0.0042;0.000153443;0.000153443
85600;0.256316;0.0216749;0.0396831;0.0396831;0.02146;0.00504805;0.000151563;0.000151563
85700;0.250475;0.0248891;0.0360519;0.0360519;0.0176234;0.0060532;0.000154228;0.000154228
85800;0.241665;0.0288387;0.032771;0.032771;0.0140768;0.00723735;0.000161422;0.000161422
85900;0.230523;0.0336347;0.0298114;0.0298114;0.0109735;0.00862214;0.000173369;0.000173369
86000;0.217733;0.0393973;0.0271474;0.0271474;0.00838281;0.0102271;0.000190525;0.000190525
86100;0.203946;0.0462516;0.0247559;0.0247559;0.0063033;0.0120672;0.000213569;0.000213569
86200;0.18972;0.0543217;0.0226172;0.0226172;0.00468641;0.0141495;0.000243424;0.000243424
86300;0.175504;0.063721;0.0207141;0.0207141;0.00346027;0.0164687;0.00028128;0.00028128
86400;0.161633;0.0745397;0.0190327;0.0190327;0.00254794;0.0190034;0.000328631;0.000328631
86500;0.148335;0.0868288;0.0175616;0.0175616;0.00187833;0.0217111;0.000387329;0.000387329
86600;0.135759;0.100583;0.0162928;0.0162928;0.00139136;0.024525;0.000459647;0.000459647
86700;0.123984;0.115721;0.0152212;0.0152212;0.00103914;0.0273522;0.000548355;0.000548355
86800;0.113045;0.132068;0.0143453;0.0143453;0.000784981;0.0300755;0.000656818;0.000656818
86900;0.102941;0.149347;0.0136672;0.0136672;0.000601557;0.0325572;0.000789103;0.000789103
87000;0.0936496;0.167165;0.0131929;0.0131929;0.000468948;0.034647;0.000950115;0.000950115
87100;0.085135;0.185024;0.0129332;0.0129332;0.000372822;0.036192;0.00114574;0.00114574
87200;0.0773526;0.202333;0.0129039;0.0129039;0.00030298;0.0370499;0.00138303;0.00138303
87300;0.070254;0.218429;0.0131267;0.0131267;0.000252214;0.0371025;0.00167035;0.00167035
87400;0.0637897;0.232621;0.0136299;0.0136299;0.000215469;0.0362736;0.00201761;0.00201761
87500;0.057911;0.244238;0.0144493;0.0144493;0.000189228;0.0345472;0.00243647;0.00243647
87600;0.0525707;0.252694;0.0156293;0.0156293;0.000171072;0.0319847;0.00294045;0.00294045
87700;0.0477246;0.257558;0.017224;0.017224;0.000159375;0.0287344;0.00354512;0.00354512
87800;0.0433313;0.258623;0.0192982;0.0192982;0.000153093;0.0250219;0.00426811;0.00426811
87900;0.0393524;0.25594;0.0219281;0.0219281;0.000151617;0.0211199;0.00512898;0.00512898
88000;0.0357529;0.249818;0.0252021;0.0252021;0.000154673;0.0173004;0.00614883;0.00614883
88100;0.0325011;0.240777;0.0292208;0.0292208;0.000162268;0.0137875;0.00734961;0.00734961
88200;0.0295682;0.229465;0.0340961;0.0340961;0.000174647;0.0107272;0.00875284;0.00875284
88300;0.0269287;0.216564;0.0399487;0.0399487;0.000192285;0.00818195;0.0103778;0.0103778
88400;0.02456;0.202718;0.046904;0.046904;0.000215882;0.00614513;0.0122388;0.0122388
88500;0.0224424;0.188477;0.0550855;0.0550855;0.000246382;0.00456527;0.0143421;0.0143421
88600;0.0205592;0.174279;0.0646052;0.0646052;0.000285;0.00336948;0.0166812;0.0166812
88700;0.0188964;0.16045;0.0755505;0.0755505;0.00033326;0.00248096;0.019233;0.019233
88800;0.0174432;0.14721;0.0879683;0.0879683;0.000393047;0.00182946;0.021953;0.021953
88900;0.0161918;0.134701;0.101847;0.101847;0.000466673;0.00135595;0.024772;0.024772
89000;0.0151372;0.122999;0.117099;0.117099;0.000556958;0.00101358;0.0275952;0.0275952
89100;0.0142784;0.112132;0.13354;0.13354;0.000667321;0.000766537;0.0303032;0.0303032
89200;0.0136177;0.1021;0.150882;0.150882;0.000801899;0.000588236;0.0327569;0.0327569
89300;0.0131616;0.0928783;0.168725;0.168725;0.000965675;0.000459304;0.0348052;0.0348052
89400;0.0129212;0.0844292;0.186562;0.186562;0.00116463;0.000365821;0.0362959;0.0362959
89500;0.0129129;0.0767083;0.203792;0.203792;0.00140592;0.000297889;0.0370879;0.0370879
89600;0.0131589;0.0696668;0.21975;0.21975;0.00169804;0.000248518;0.0370661;0.0370661
89700;0.0136881;0.0632555;0.233744;0.233744;0.00205105;0.000212809;0.0361587;0.0361587
89800;0.014537;0.0574254;0.245107;0.245107;0.00247674;0.000187355;0.0343558;0.0343558
89900;0.0157508;0.0521299;0.253264;0.253264;0.00298884;0.000169816;0.0317264;0.0317264
90000;0.0173845;0.0473248;0.257803;0.257803;0.00360308;0.000158625;0.0284259;0.0284259
90100;0.0195038;0.042969;0.258536;0.258536;0.00433727;0.00015278;0.0246857;0.0246857
90200;0.0221861;0.0390245;0.255537;0.255537;0.00521112;0.000151704;0.0207805;0.0207805
90300;0.0255207;0.0354565;0.249138;0.249138;0.00624585;0.000155152;0.0169798;0.0169798
90400;0.0296095;0.0322335;0.239873;0.239873;0.0074634;0.00016315;0.0135017;0.0135017
90500;0.0345649;0.0293271;0.228395;0.228395;0.00888521;0.000175965;0.0104849;0.0104849
90600;0.0405084;0.0267121;0.215388;0.215388;0.0105302;0.00019409;0.00798496;0.00798496
90700;0.0475657;0.0243659;0.201486;0.201486;0.0124123;0.000218247;0.00599042;0.00599042
90800;0.0558595;0.0222694;0.187234;0.187234;0.0145365;0.000249401;0.00444705;0.00444705
90900;0.0655003;0.0204058;0.173057;0.173057;0.0168954;0.000288793;0.00328101;0.00328101
91000;0.0765726;0.0187617;0.159271;0.159271;0.0194639;0.000337976;0.00241577;0.00241577
91100;0.089119;0.0173264;0.146091;0.146091;0.0221956;0.000398869;0.00178193;0.00178193
91200;0.103122;0.0160922;0.13365;0.13365;0.0250192;0.000473825;0.00132153;0.00132153
91300;0.118486;0.0150547;0.122019;0.122019;0.0278374;0.000565712;0.000988729;0.000988729
91400;0.135019;0.0142129;0.111226;0.111226;0.030529;0.000678008;0.00074861;0.00074861
91500;0.152422;0.0135697;0.101266;0.101266;0.0329535;0.000814916;0.000575286;0.000575286
91600;0.170286;0.0131319;0.0921127;0.0921127;0.0349593;0.0009815;0.000449925;0.000449925
91700;0.188095;0.012911;0.0837289;0.0837289;0.0363945;0.00118384;0.000359011;0.000359011
91800;0.205241;0.0129239;0.0760691;0.0760691;0.0371197;0.00142919;0.000292937;0.000292937
91900;0.221056;0.0131933;0.0690845;0.0690845;0.0370229;0.00172619;0.000244925;0.000244925
92000;0.234846;0.0137487;0.0627256;0.0627256;0.0360369;0.00208503;0.000210226;0.000210226
92100;0.245952;0.0146274;0.0569439;0.0569439;0.0341581;0.00251767;0.000185541;0.000185541
92200;0.253808;0.0158754;0.0516928;0.0516928;0.0314629;0.003038;0.000168607;0.000168607
92300;0.258019;0.0175487;0.0469284;0.0469284;0.028114;0.00366195;0.000157915;0.000157915
92400;0.25842;0.0197137;0.0426098;0.0426098;0.0243483;0.00440749;0.000152503;0.000152503
92500;0.255109;0.022449;0.0386994;0.0386994;0.0204419;0.00529448;0.000151826;0.000151826
92600;0.248437;0.0258451;0.0351627;0.0351627;0.0166616;0.00634425;0.000155665;0.000155665
92700;0.238952;0.0300047;0.0319683;0.0319683;0.0132194;0.00757875;0.000164069;0.000164069
92800;0.227314;0.0350412;0.0290883;0.0290883;0.0102465;0.00901929;0.000177323;0.000177323
92900;0.214205;0.0410767;0.0264975;0.0264975;0.00779183;0.0106845;0.000195941;0.000195941
93000;0.200253;0.0482367;0.0241738;0.0241738;0.00583914;0.0125876;0.000220665;0.000220665
93100;0.185991;0.0566437;0.0220981;0.0220981;0.00433168;0.0147328;0.000252483;0.000252483
93200;0.171838;0.0664062;0.0202542;0.0202542;0.00319481;0.0171111;0.00029266;0.00029266
93300;0.158097;0.0776059;0.0186286;0.0186286;0.00235232;0.019696;0.00034278;0.00034278
93400;0.144977;0.0902808;0.0172111;0.0172111;0.0017357;0.0224389;0.000404797;0.000404797
93500;0.132605;0.104408;0.0159941;0.0159941;0.00128806;0.0252663;0.000481106;0.000481106
93600;0.121047;0.119882;0.0149736;0.0149736;0.000964574;0.0280786;0.000574621;0.000574621
93700;0.110326;0.136504;0.014149;0.014149;0.000731183;0.0307528;0.00068888;0.00068888
93800;0.100437;0.153966;0.0135233;0.0135233;0.000562695;0.033147;0.000828157;0.000828157
93900;0.091353;0.171847;0.0131038;0.0131038;0.000440804;0.035109;0.000997597;0.000997597
94000;0.0830341;0.189623;0.0129026;0.0129026;0.000352387;0.0364877;0.00120337;0.00120337
94100;0.075435;0.206681;0.0129368;0.0129368;0.000288121;0.0371452;0.00145285;0.00145285
94200;0.0685068;0.222347;0.0132298;0.0132298;0.000241432;0.0369729;0.00175481;0.00175481
94300;0.0622001;0.235929;0.0138117;0.0138117;0.000207719;0.0359084;0.00211957;0.00211957
94400;0.0564664;0.246772;0.0147206;0.0147206;0.000183785;0.0339542;0.00255927;0.00255927
94500;0.0512593;0.254323;0.0160033;0.0160033;0.000167446;0.0311944;0.00308795;0.00308795
94600;0.0465353;0.258205;0.0177165;0.0177165;0.000157244;0.0277989;0.00372174;0.00372174
94700;0.0422537;0.258276;0.019928;0.019928;0.000152261;0.0240098;0.00447878;0.00447878
94800;0.0383772;0.254655;0.022717;0.022717;0.000151982;0.0201043;0.00537908;0.00537908
94900;0.0348714;0.247714;0.0261753;0.0261753;0.000156213;0.0163461;0.00644405;0.00644405
95000;0.0317055;0.238015;0.0304065;0.0304065;0.000165024;0.0129408;0.00769567;0.00769567
95100;0.0288516;0.226222;0.0355251;0.0355251;0.000178722;0.0100121;0.00915508;0.00915508
95200;0.0262849;0.213015;0.0416534;0.0416534;0.000197838;0.00760252;0.0108406;0.0108406
95300;0.0239835;0.199017;0.0489173;0.0489173;0.000223136;0.00569124;0.0127647;0.0127647
95400;0.0219286;0.18475;0.0574382;0.0574382;0.000255628;0.00421912;0.0149308;0.0149308
95500;0.0201042;0.170622;0.0673231;0.0673231;0.000296603;0.00311084;0.0173285;0.0173285
95600;0.0184971;0.156928;0.0786504;0.0786504;0.000347675;0.00229058;0.0199294;0.0199294
95700;0.0170972;0.143869;0.0914537;0.0914537;0.000410834;0.00169075;0.0226829;0.0226829
95800;0.0158975;0.131566;0.105703;0.105703;0.000488516;0.00125553;0.0255133;0.0255133
95900;0.0148941;0.12008;0.121287;0.121287;0.000583687;0.000941096;0.0283188;0.0283188
96000;0.0140866;0.109433;0.137996;0.137996;0.000699942;0.000714244;0.0309745;0.0309745
96100;0.0134785;0.0996152;0.155512;0.155512;0.000841627;0.000550453;0.0333371;0.0333371
96200;0.0130774;0.090599;0.173407;0.173407;0.00101397;0.000431935;0.0352543;0.0352543
96300;0.0128959;0.0823447;0.191146;0.191146;0.00122324;0.000345944;0.0365754;0.0365754
96400;0.0129516;0.0748059;0.20811;0.20811;0.00147692;0.000283436;0.0371645;0.0371645
96500;0.0132685;0.0679338;0.223621;0.223621;0.0017839;0.000238036;0.0369162;0.0369162
96600;0.0138772;0.0616789;0.23699;0.23699;0.00215468;0.000205284;0.035773;0.035773
96700;0.0148167;0.0559928;0.247566;0.247566;0.00260153;0.000182087;0.0337441;0.0337441
96800;0.0161345;0.0508295;0.254811;0.254811;0.0031387;0.00016633;0.030921;0.030921
96900;0.0178882;0.0461456;0.258363;0.258363;0.00378247;0.000156613;0.0274808;0.0274808
97000;0.0201466;0.0419007;0.258103;0.258103;0.00455116;0.000152055;0.0236704;0.0236704
97100;0.02299;0.0380577;0.254175;0.254175;0.00546492;0.000152172;0.0197678;0.0197678
97200;0.0265113;0.0345828;0.24697;0.24697;0.00654527;0.000156795;0.0160332;0.0160332
97300;0.0308151;0.0314451;0.237061;0.237061;0.00781416;0.000166016;0.0126657;0.0126657
97400;0.0360166;0.0286171;0.225119;0.225119;0.00929258;0.000180161;0.00978167;0.00978167
97500;0.0422388;0.0260743;0.21182;0.21182;0.0109984;0.000199782;0.007417;0.007417
97600;0.0496074;0.0237951;0.197779;0.197779;0.0129437;0.000225662;0.00554667;0.00554667
97700;0.0582431;0.0217609;0.183509;0.183509;0.0151305;0.000258836;0.00410931;0.00410931
97800;0.0682509;0.0199558;0.169409;0.169409;0.0175474;0.000300621;0.00302904;0.00302904
97900;0.0797062;0.0183671;0.155764;0.155764;0.0201639;0.000352661;0.00223049;0.00223049
98000;0.0926376;0.0169849;0.142767;0.142767;0.0229276;0.00041698;0.00164704;0.00164704
98100;0.107009;0.0158024;0.130533;0.130533;0.0257601;0.000496058;0.00122391;0.00122391
98200;0.122701;0.014816;0.11912;0.11912;0.0285579;0.000592912;0.000918276;0.000918276
98300;0.139494;0.0140256;0.108546;0.108546;0.0311939;0.000711197;0.000697778;0.000697778
98400;0.157062;0.0134352;0.098799;0.098799;0.0335239;0.000855328;0.000538552;0.000538552
98500;0.174965;0.0130527;0.0898509;0.0898509;0.0353951;0.00103062;0.000423309;0.000423309
98600;0.192663;0.012891;0.0816607;0.0816607;0.0366575;0.00124344;0.000339678;0.000339678
98700;0.209528;0.0129684;0.074182;0.074182;0.0371773;0.00150138;0.00027888;0.00027888
98800;0.22488;0.0133093;0.0673655;0.0673655;0.0368526;0.00181348;0.000234735;0.000234735
98900;0.23803;0.0139453;0.061162;0.061162;0.0356308;0.00219036;0.000202922;0.000202922
99000;0.248336;0.0149156;0.0555232;0.0555232;0.0335279;0.00264448;0.000180444;0.000180444
99100;0.25527;0.0162689;0.0504034;0.0504034;0.0306429;0.00319025;0.00016526;0.00016526
99200;0.258492;0.0180636;0.0457592;0.0457592;0.0271599;0.00384414;0.000156021;0.000156021
99300;0.257903;0.0203696;0.0415507;0.0415507;0.0233303;0.00462463;0.000151883;0.000151883
99400;0.253671;0.0232682;0.0377411;0.0377411;0.0194327;0.00555203;0.000152396;0.000152396
99500;0.246206;0.0268533;0.0342966;0.0342966;0.0157233;0.00664792;0.000157412;0.000157412
99600;0.236093;0.0312305;0.031187;0.031187;0.0123945;0.00793424;0.000167045;0.000167045
99700;0.224006;0.0365159;0.0283847;0.0283847;0.0095552;0.00943181;0.000181642;0.000181642
99800;0.210619;0.0428329;0.0258657;0.0258657;0.00723526;0.0111582;0.000201773;0.000201773
99900;0.196539;0.0503071;0.0236085;0.0236085;0.00540539;0.0131245;0.000228243;0.000228243
100000;0.18227;0.0590584;0.0215948;0.0215948;0.00400221;0.0153321;0.00026211;0.00026211
