0;1;0;0;0;0;0;0;0
0;1;0;0;0;0;0;0;0
0;1;0;0;0;0;0;0;0
0;1;0;0;0;0;0;0;0
0;1;0;0;0;0;0;0;0
0;1;0;0;0;0;0;0;0
0;1;0;0;0;0;0;0;0
3.06021;0.996991;4.63029e-05;4.63924e-09;4.63924e-09;0.00301384;0.00301386;3.02275e-07;3.02275e-07
6.21089;0.993997;0.000188551;1.89308e-08;1.89308e-08;0.00602151;0.00602195;6.0585e-07;6.0585e-07
9.43734;0.991037;0.000430268;4.32903e-08;4.32903e-08;0.00900224;0.00900571;9.08895e-07;9.08895e-07
12.7047;0.988146;0.000770631;7.76988e-08;7.76988e-08;0.0119159;0.0119308;1.20791e-06;1.20791e-06
15.9584;0.985369;0.00120176;1.21419e-07;1.21419e-07;0.0147048;0.0147502;1.498e-06;1.498e-06
19.1319;0.982754;0.00170772;1.72886e-07;1.72886e-07;0.0173042;0.0174131;1.77375e-06;1.77375e-06
22.1665;0.980337;0.00226778;2.30023e-07;2.30023e-07;0.0196624;0.0198817;2.03096e-06;2.03096e-06
25.0322;0.978124;0.00286278;2.90891e-07;2.90891e-07;0.0217574;0.022145;2.26817e-06;2.26817e-06
27.7306;0.9761;0.00347989;3.54184e-07;3.54184e-07;0.0235972;0.0242178;2.48662e-06;2.48662e-06
30.286;0.974232;0.00411358;4.19336e-07;4.19336e-07;0.0252071;0.0261298;2.68917e-06;2.68917e-06
32.7325;0.972485;0.00476394;4.86354e-07;4.86354e-07;0.026617;0.0279151;2.87925e-06;2.87925e-06
35.107;0.970825;0.00543483;5.55639e-07;5.55639e-07;0.0278549;0.0296066;3.0602e-06;3.0602e-06
37.4458;0.96922;0.00613285;6.27879e-07;6.27879e-07;0.0289434;0.0312338;3.23511e-06;3.23511e-06
39.7846;0.967644;0.00686683;7.04001e-07;7.04001e-07;0.0298998;0.0328235;3.40679e-06;3.40679e-06
42.1602;0.966067;0.00764814;7.85203e-07;7.85203e-07;0.0307359;0.0344005;3.57792e-06;3.57792e-06
44.612;0.964464;0.00849136;8.73026e-07;8.73026e-07;0.0314588;0.0359893;3.75118e-06;3.75118e-06
47.1857;0.962801;0.00941558;9.695e-07;9.695e-07;0.0320704;0.0376157;3.92947e-06;3.92947e-06
49.9371;0.961044;0.0104466;1.07738e-06;1.07738e-06;0.0325671;0.0393088;4.1161e-06;4.1161e-06
52.9394;0.959146;0.0116208;1.20054e-06;1.20054e-06;0.0329387;0.0411038;4.31519e-06;4.31519e-06
56.2932;0.957041;0.0129908;1.34465e-06;1.34465e-06;0.0331654;0.0430463;4.53214e-06;4.53214e-06
60.1442;0.954639;0.0146371;1.51836e-06;1.51836e-06;0.0332133;0.0451979;4.77438e-06;4.77438e-06
64.7114;0.951799;0.0166861;1.73538e-06;1.73538e-06;0.0330259;0.0476445;5.05253e-06;5.05253e-06
70.3252;0.948307;0.0193407;2.01779e-06;2.01779e-06;0.0325127;0.0505027;5.38148e-06;5.38148e-06
77.4428;0.943854;0.0229075;2.3994e-06;2.3994e-06;0.031542;0.0539033;5.77928e-06;5.77928e-06
86.5063;0.938116;0.0277475;2.92101e-06;2.92101e-06;0.0299843;0.0578975;6.25707e-06;6.25707e-06
97.6009;0.930956;0.0340782;3.60965e-06;3.60965e-06;0.0278373;0.0623188;6.80242e-06;6.80242e-06
110.504;0.922424;0.0419301;4.47364e-06;4.47364e-06;0.0252569;0.0668803;7.38869e-06;7.38869e-06
125.236;0.912417;0.051438;5.53449e-06;5.53449e-06;0.022402;0.071417;8.0043e-06;8.0043e-06
142.324;0.90049;0.0630588;6.85332e-06;6.85332e-06;0.0193509;0.0759067;8.65917e-06;8.65917e-06
162.937;0.885726;0.0777341;8.55528e-06;8.55528e-06;0.0161165;0.0803947;9.38254e-06;9.38254e-06
189.453;0.866296;0.0973636;1.09002e-05;1.09002e-05;0.0126638;0.0849611;1.02351e-05;1.02351e-05
227.457;0.83797;0.126364;1.45245e-05;1.45245e-05;0.00891095;0.0897158;1.13627e-05;1.13627e-05
290.154;0.791133;0.174828;2.10933e-05;2.10933e-05;0.0049632;0.0945059;1.31378e-05;1.31378e-05
372.428;0.731372;0.237059;3.07616e-05;3.07616e-05;0.0023092;0.0975865;1.55699e-05;1.55699e-05
449.531;0.678323;0.292432;4.09785e-05;4.09785e-05;0.0011433;0.0988829;1.81453e-05;1.81453e-05
523.749;0.630399;0.342482;5.20383e-05;5.20383e-05;0.000595462;0.099467;2.10081e-05;2.10081e-05
598.999;0.585022;0.389874;6.47008e-05;6.47008e-05;0.000319458;0.099747;2.43796e-05;2.43796e-05
677.674;0.54094;0.435903;7.97886e-05;7.97886e-05;0.000176981;0.0998819;2.84991e-05;2.84991e-05
761.55;0.497527;0.481221;9.83509e-05;9.83509e-05;0.000103148;0.0999443;3.36752e-05;3.36752e-05
852.251;0.454457;0.526169;0.000121871;0.000121871;6.48411e-05;0.0999701;4.03482e-05;4.03482e-05
951.515;0.411563;0.570921;0.000152589;0.000152589;4.46706e-05;0.0999767;4.91857e-05;4.91857e-05
1061.43;0.368764;0.615557;0.000194069;0.000194069;3.35712e-05;0.0999714;6.12535e-05;6.12535e-05
1184.7;0.326031;0.660101;0.000252309;0.000252309;2.69513e-05;0.0999547;7.83459e-05;7.83459e-05
1325;0.283384;0.704515;0.000338032;0.000338032;2.25773e-05;0.0999193;0.000103673;0.000103673
1487.52;0.240908;0.748663;0.000471826;0.000471826;1.94058e-05;0.0998424;0.000143395;0.000143395
1679.39;0.19888;0.792121;0.000696326;0.000696326;1.69649e-05;0.0996563;0.00021026;0.00021026
1908.17;0.158242;0.833459;0.00110343;0.00110343;1.50606e-05;0.0991397;0.000331709;0.000331709
2166.88;0.122203;0.867933;0.00185178;0.00185178;1.36858e-05;0.0976139;0.000554939;0.000554939
2403.28;0.0965032;0.887403;0.00296637;0.00296637;1.29277e-05;0.0941095;0.000886844;0.000886844
2579.13;0.080962;0.892105;0.00420687;0.00420687;1.26472e-05;0.0888593;0.00125522;0.00125522
2711.39;0.0709478;0.887945;0.00546703;0.00546703;1.26252e-05;0.0826034;0.00162828;0.00162828
2819.85;0.0636684;0.878104;0.00677357;0.00677357;1.27632e-05;0.0756861;0.00201381;0.00201381
2916.06;0.0578402;0.863592;0.00818735;0.00818735;1.30365e-05;0.0682166;0.00242954;0.00242954
3007.3;0.0528077;0.844274;0.00979459;0.00979459;1.34607e-05;0.060197;0.00290033;0.00290033
3099.66;0.0481609;0.819043;0.0117356;0.0117356;1.40932e-05;0.0515459;0.0034663;0.0034663
3200.84;0.0435404;0.785158;0.0142937;0.0142937;1.50759e-05;0.0420469;0.00420785;0.00420785
3327.11;0.0383943;0.735126;0.0182535;0.0182535;1.68352e-05;0.0311071;0.00534602;0.00534602
3544.69;0.0309245;0.636606;0.027671;0.027671;2.17397e-05;0.0167167;0.00800572;0.00800572
3810.83;0.0237611;0.513615;0.0454251;0.0454251;3.25188e-05;0.00700056;0.012841;0.012841
3994.36;0.0198413;0.436129;0.0631572;0.0631572;4.46022e-05;0.00373029;0.0174409;0.0174409
4154.7;0.0169787;0.375735;0.0832986;0.0832986;5.9715e-05;0.0021529;0.0223946;0.0223946
4308.15;0.0146622;0.32466;0.107252;0.107252;7.96566e-05;0.00128653;0.0279206;0.0279206
4463.22;0.0126898;0.279466;0.136473;0.136473;0.000107198;0.00077969;0.034142;0.034142
4629.84;0.0109372;0.237502;0.173494;0.173494;0.000148101;0.00046908;0.0412346;0.0412346
4829.46;0.00928795;0.195166;0.224651;0.224651;0.00021888;0.000268587;0.049641;0.049641
5134.83;0.00764537;0.144295;0.311781;0.311781;0.000399264;0.000130093;0.0603229;0.0603229
5423.19;0.00709555;0.108395;0.393017;0.393017;0.000704992;7.66903e-05;0.0656891;0.0656891
5591.56;0.00729742;0.0917031;0.434379;0.434379;0.000982062;6.05239e-05;0.0658839;0.0658839
5716.84;0.00775265;0.0809709;0.460028;0.460028;0.00125601;5.25378e-05;0.0643298;0.0643298
5820.32;0.00836171;0.0730603;0.476887;0.476887;0.00153818;4.78174e-05;0.0618274;0.0618274
5910.8;0.00909572;0.0667805;0.487803;0.487803;0.00183538;4.48115e-05;0.058688;0.058688
5993.13;0.00995195;0.0615369;0.49423;0.49423;0.00215433;4.28634e-05;0.0550656;0.0550656
6070.58;0.0109444;0.0569822;0.496951;0.496951;0.00250339;4.16568e-05;0.0510429;0.0510429
6145.7;0.0121038;0.0528887;0.496347;0.496347;0.00289409;4.10393e-05;0.0466617;0.0466617
6220.86;0.013484;0.0490887;0.492477;0.492477;0.00334377;4.09596e-05;0.0419337;0.0419337
6298.81;0.0151793;0.0454387;0.485064;0.485064;0.00388066;4.14566e-05;0.0368407;0.0368407
6383.43;0.0173677;0.0417856;0.473318;0.473318;0.00455637;4.2698e-05;0.0313203;0.0313203
6482;0.0204437;0.0379047;0.455338;0.455338;0.00548315;4.51432e-05;0.0252171;0.0252171
6613.87;0.025614;0.0332805;0.425591;0.425591;0.00699869;5.03268e-05;0.0180853;0.0180853
6875.13;0.0404817;0.0257641;0.356566;0.356566;0.0111596;6.88851e-05;0.0083875;0.0083875
7164.74;0.0668512;0.0195062;0.280321;0.280321;0.0180051;0.000108599;0.00327023;0.00327023
7379.89;0.0952836;0.0159872;0.230533;0.230533;0.024716;0.000158866;0.00161237;0.00161237
7588.54;0.131097;0.013344;0.189309;0.189309;0.0322284;0.000234081;0.000833712;0.000833712
7825.05;0.181022;0.0111616;0.150681;0.150681;0.0409797;0.000367676;0.000418983;0.000418983
8153.02;0.260234;0.00950166;0.109324;0.109324;0.0505269;0.000694514;0.000187558;0.000187558
8439.8;0.326091;0.00948314;0.08242;0.08242;0.0530591;0.00121434;0.000110803;0.000110803
8618.73;0.358048;0.0103213;0.0690768;0.0690768;0.0506855;0.00171932;8.75959e-05;8.75959e-05
8758.5;0.374884;0.0115585;0.0601733;0.0601733;0.046503;0.00225301;7.69164e-05;7.69164e-05
8882.27;0.382386;0.0131819;0.0532537;0.0532537;0.0412564;0.00285839;7.14463e-05;7.14463e-05
9002.05;0.382366;0.0153279;0.0473213;0.0473213;0.0351856;0.00359236;6.91359e-05;6.91359e-05
9128.73;0.374575;0.0183465;0.0417732;0.0417732;0.0283187;0.00456347;6.96391e-05;6.96391e-05
9280.95;0.355865;0.0232345;0.0359759;0.0359759;0.0204483;0.00605701;7.43022e-05;7.43022e-05
9525.07;0.311333;0.0348576;0.028362;0.028362;0.0107098;0.00940452;9.24613e-05;9.24613e-05
9904.56;0.232341;0.0663005;0.0197937;0.0197937;0.00328484;0.0176312;0.000158828;0.000158828
10197.9;0.178564;0.105826;0.0152933;0.0152933;0.0012863;0.0266063;0.000264583;0.000264583
10513;0.13248;0.164347;0.0121452;0.0121452;0.000507882;0.0372169;0.000476115;0.000476115
10958;0.085956;0.260696;0.0105673;0.0105673;0.000180487;0.0466573;0.00111923;0.00111923
11189.9;0.0684709;0.302937;0.0113275;0.0113275;0.000125043;0.0454673;0.00175109;0.00175109
11348.4;0.0586052;0.322541;0.0126795;0.0126795;0.00010525;0.0415699;0.00237431;0.00237431
11484.2;0.0512891;0.33119;0.0145223;0.0145223;9.5859e-05;0.0364362;0.00307715;0.00307715
11615.5;0.0450947;0.331559;0.0170454;0.0170454;9.20225e-05;0.0304157;0.00394473;0.00394473
11757.2;0.0392579;0.323293;0.0207812;0.0207812;9.30291e-05;0.0235594;0.00514049;0.00514049
11936.4;0.0329767;0.302046;0.0274078;0.0274078;0.000101964;0.0156804;0.00713483;0.00713483
12216.3;0.025213;0.254713;0.0435027;0.0435027;0.000136255;0.00718295;0.0116357;0.0116357
12503.5;0.0193425;0.202749;0.0700409;0.0700409;0.000208581;0.0029284;0.0183685;0.0183685
12745.7;0.0157422;0.163481;0.102347;0.102347;0.000316246;0.00136702;0.0255775;0.0255775
13011.8;0.0130252;0.127443;0.148589;0.148589;0.000515414;0.000624219;0.0340414;0.0340414
13417;0.0113355;0.0862383;0.2306;0.2306;0.00111334;0.000234623;0.0428615;0.0428615
13622.9;0.0117838;0.0705522;0.268032;0.268032;0.00165256;0.000163501;0.042844;0.042844
13757.7;0.0126829;0.0618399;0.287028;0.287028;0.0021394;0.000136826;0.0406318;0.0406318
13869.1;0.0138639;0.0554567;0.298023;0.298023;0.00264583;0.000122611;0.0375075;0.0375075
13970.7;0.0153491;0.0502112;0.303701;0.303701;0.00320844;0.000114408;0.0337893;0.0337893
14070.1;0.0172391;0.0455701;0.304949;0.304949;0.00386849;0.000110083;0.029591;0.029591
14173.6;0.0197488;0.0411954;0.301739;0.301739;0.00469331;0.000109057;0.0249335;0.0249335
14290.7;0.0233696;0.036764;0.292997;0.292997;0.00582411;0.000111988;0.0197466;0.0197466
14443.5;0.0296006;0.0317201;0.274972;0.274972;0.00767425;0.000122535;0.0137574;0.0137574
14726.9;0.0470483;0.0242445;0.230328;0.230328;0.0124862;0.000166102;0.00619259;0.00619259
15077.1;0.0829754;0.0177344;0.173106;0.173106;0.0212305;0.000284383;0.00208223;0.00208223
15376.6;0.128729;0.0141255;0.13175;0.13175;0.0303436;0.00048395;0.000842013;0.000842013
15773.3;0.204505;0.0119056;0.090242;0.090242;0.0399588;0.00101911;0.000305098;0.000305098
16065.4;0.256287;0.0123914;0.0679651;0.0679651;0.0405616;0.00177937;0.000178295;0.000178295
16244.7;0.278222;0.013857;0.0570694;0.0570694;0.0370298;0.00250356;0.000143018;0.000143018
16394.3;0.28763;0.0159682;0.0493235;0.0493235;0.032012;0.00332266;0.000127624;0.000127624
16540;0.287936;0.0190005;0.0428047;0.0428047;0.0259986;0.0043641;0.000121759;0.000121759
16703.9;0.278246;0.0238646;0.0365187;0.0365187;0.0190213;0.00590105;0.000124443;0.000124443
16940.3;0.250063;0.0344445;0.0291114;0.0291114;0.0106647;0.00899251;0.000145812;0.000145812
17335.5;0.188422;0.0655872;0.0202274;0.0202274;0.003299;0.0170969;0.000242998;0.000242998
17684.2;0.138707;0.111679;0.0152577;0.0152577;0.00113014;0.0270362;0.000438473;0.000438473
18153.8;0.0889867;0.196972;0.012241;0.012241;0.000329469;0.0386399;0.0010484;0.0010484
18463;0.06596;0.249744;0.0128379;0.0128379;0.000186978;0.0390291;0.00188774;0.00188774
18643.1;0.0553642;0.270106;0.0144505;0.0144505;0.000150945;0.0352583;0.00265683;0.00265683
18795.1;0.0477582;0.278168;0.016767;0.016767;0.000135569;0.030083;0.00353736;0.00353736
18945.7;0.0412652;0.276999;0.0201536;0.0201536;0.00013051;0.0239465;0.00468204;0.00468204
19119.7;0.0348863;0.265111;0.0257829;0.0257829;0.000135719;0.0168835;0.00643322;0.00643322
19369.7;0.0275004;0.23405;0.0381418;0.0381418;0.000164815;0.00893055;0.009979;0.009979
19682;0.0206688;0.1866;0.0633345;0.0633345;0.000248476;0.00352068;0.0164967;0.0164967
19951.8;0.0165251;0.148022;0.0962324;0.0962324;0.000387066;0.00153278;0.0238753;0.0238753
20261.9;0.0135175;0.11117;0.146932;0.146932;0.000677195;0.000628844;0.0327696;0.0327696
20660.9;0.0124677;0.0758745;0.220047;0.220047;0.00143498;0.0002527;0.0389997;0.0389997
20841;0.0132468;0.0637283;0.247444;0.247444;0.0020199;0.000189005;0.0377998;0.0377998
20971.5;0.0144378;0.0561421;0.261871;0.261871;0.0025864;0.000161826;0.0350733;0.0350733
21085;0.015988;0.0502876;0.269573;0.269573;0.00320255;0.000147213;0.0315819;0.0315819
21193.3;0.0179983;0.0452717;0.272253;0.272253;0.00392183;0.000139431;0.0275387;0.0275387
21305.2;0.0207164;0.0406244;0.270152;0.270152;0.00482501;0.000136834;0.022999;0.022999
21432.1;0.0247388;0.035945;0.26223;0.26223;0.00608347;0.000140086;0.0179038;0.0179038
21601.9;0.0320226;0.0305621;0.244302;0.244302;0.00823063;0.000154849;0.0119657;0.0119657
21924.5;0.0538399;0.0226461;0.198277;0.198277;0.0141016;0.000222654;0.00478459;0.00478459
22277.8;0.0936499;0.0167996;0.147684;0.147684;0.0232781;0.000389323;0.00161746;0.00161746
22633;0.151365;0.0134318;0.106453;0.106453;0.0332205;0.000737833;0.000587862;0.000587862
23034.6;0.223311;0.0127228;0.072456;0.072456;0.0384047;0.00157131;0.000242442;0.000242442
23249.9;0.252534;0.0140441;0.0588191;0.0588191;0.0358199;0.00236259;0.000177108;0.000177108
23413.8;0.265162;0.0161237;0.0501741;0.0501741;0.0311839;0.00321715;0.000152317;0.000152317
23567.4;0.267705;0.0191529;0.0432386;0.0432386;0.0254171;0.00428393;0.000142312;0.000142312
23736.2;0.260183;0.0240146;0.0367432;0.0367432;0.0186606;0.0058379;0.000143353;0.000143353
23973.2;0.235361;0.034414;0.0293115;0.0293115;0.0106007;0.00888933;0.000165413;0.000165413
24371.5;0.178132;0.0653013;0.0203845;0.0203845;0.00330918;0.016908;0.000272405;0.000272405
24739.8;0.129154;0.113586;0.0152785;0.0152785;0.00108403;0.0271145;0.000505596;0.000505596
25237.3;0.0807493;0.201245;0.0126536;0.0126536;0.00030919;0.0376836;0.00127046;0.00127046
25508.8;0.062127;0.242922;0.013639;0.013639;0.000195207;0.0365895;0.00212368;0.00212368
25684.7;0.0523912;0.259623;0.0155213;0.0155213;0.000161411;0.032403;0.00295912;0.00295912
25840;0.0450749;0.265009;0.0182475;0.0182475;0.000147348;0.0269484;0.00395597;0.00395597
26001.4;0.038573;0.260797;0.0224249;0.0224249;0.000144853;0.0205462;0.00532592;0.00532592
26202.6;0.0318143;0.243547;0.0301156;0.0301156;0.000157534;0.0131784;0.00764449;0.00764449
26500.2;0.0240963;0.203868;0.0483589;0.0483589;0.00021266;0.00582408;0.0126531;0.0126531
26796.7;0.0185997;0.16121;0.0775234;0.0775234;0.000329562;0.00236164;0.0197288;0.0197288
27079.6;0.0150712;0.12532;0.117271;0.117271;0.000536462;0.00101275;0.0277321;0.0277321
27509.5;0.0127411;0.083543;0.192947;0.192947;0.00118854;0.000340145;0.0370719;0.0370719
27746.1;0.0132418;0.0665108;0.231455;0.231455;0.00185885;0.000220143;0.0372711;0.0372711
27891.5;0.0143545;0.0577806;0.249158;0.249158;0.00244662;0.000181299;0.034928;0.034928
28011.8;0.0158463;0.0514268;0.258709;0.258709;0.00306787;0.000161681;0.0316462;0.0316462
28123.6;0.0177882;0.0461483;0.262781;0.262781;0.0037813;0.000151136;0.0277543;0.0277543
28237;0.0203998;0.0413629;0.261981;0.261981;0.00466388;0.000146763;0.0233483;0.0233483
28362.9;0.0242058;0.0366444;0.255603;0.255603;0.0058689;0.000148621;0.0183999;0.0183999
28525.1;0.0308206;0.0313879;0.240352;0.240352;0.00783874;0.000161283;0.0126862;0.0126862
28819.5;0.0492582;0.0238604;0.201022;0.201022;0.0128767;0.000218436;0.00562704;0.00562704
29192.1;0.0885179;0.0173577;0.148616;0.148616;0.0221125;0.000385471;0.00180892;0.00180892
29551.1;0.1447;0.0137741;0.107059;0.107059;0.0320523;0.000730321;0.000645784;0.000645784
29963.6;0.217197;0.0129356;0.0722136;0.0722136;0.0375748;0.00158233;0.000256907;0.000256907
30183.6;0.246622;0.0142859;0.0583769;0.0583769;0.0350266;0.00239834;0.00018581;0.00018581
30350.2;0.259121;0.0164346;0.0496821;0.0496821;0.0303792;0.00327995;0.0001594;0.0001594
30506.8;0.261396;0.0195942;0.0427021;0.0427021;0.0245882;0.00438871;0.000148995;0.000148995
30680.8;0.253293;0.0247583;0.0361205;0.0361205;0.0177887;0.00603072;0.000150775;0.000150775
30932.4;0.226544;0.0363201;0.0284466;0.0284466;0.00965436;0.00939274;0.000177587;0.000177587
31337.8;0.169319;0.0695026;0.0197424;0.0197424;0.00292607;0.0178625;0.000300554;0.000300554
31715.2;0.12138;0.121059;0.0148788;0.0148788;0.000945918;0.0283352;0.00057128;0.00057128
32213;0.075757;0.208135;0.0128571;0.0128571;0.000284155;0.0374222;0.00144053;0.00144053
32457.7;0.0598167;0.242913;0.0140788;0.0140788;0.000193192;0.0354411;0.00228722;0.00228722
32629.2;0.050665;0.257166;0.016135;0.016135;0.000162969;0.0309755;0.00315814;0.00315814
32785.8;0.0435469;0.260715;0.019133;0.019133;0.000150776;0.0253316;0.00422733;0.00422733
32954.1;0.0370335;0.254314;0.023876;0.023876;0.000150689;0.0187473;0.00575367;0.00575367
33175.1;0.0300054;0.232965;0.0332334;0.0332334;0.000169938;0.0112039;0.00851896;0.00851896
33488.2;0.0224848;0.190058;0.05484;0.05484;0.00024232;0.00460668;0.0142923;0.0142923
33775.9;0.0176292;0.150045;0.0860594;0.0860594;0.000378667;0.00191358;0.021567;0.021567
34080.2;0.0143311;0.113909;0.1319;0.1319;0.000646926;0.000787811;0.0300957;0.0300957
34504;0.0128711;0.0761746;0.206511;0.206511;0.00142515;0.000289237;0.037316;0.037316
34697.5;0.0136512;0.0632044;0.235401;0.235401;0.00205411;0.000209608;0.036311;0.036311
34833.3;0.0148999;0.0554204;0.250038;0.250038;0.00265383;0.000177761;0.0336125;0.0336125
34950.6;0.0165443;0.0494712;0.257682;0.257682;0.00330727;0.000161061;0.0301161;0.0301161
35063;0.0187037;0.0443795;0.260149;0.260149;0.00407669;0.000152408;0.0260515;0.0260515
35180.2;0.021679;0.039638;0.25762;0.25762;0.00505864;0.000149912;0.0214727;0.0214727
35316.1;0.026235;0.0347947;0.248765;0.248765;0.00647025;0.000154744;0.0163016;0.0163016
35508.4;0.0352048;0.0289932;0.227966;0.227966;0.0090727;0.00017614;0.0101723;0.0101723
35872.3;0.0630461;0.020826;0.177215;0.177215;0.0163152;0.000276026;0.00353347;0.00353347
36220.3;0.106729;0.015811;0.131336;0.131336;0.0257278;0.000490039;0.00123119;0.00123119
36637.9;0.177954;0.012982;0.0888965;0.0888965;0.0357241;0.00105235;0.000407789;0.000407789
36960.7;0.230728;0.0134613;0.0651793;0.0651793;0.036655;0.00193427;0.000220468;0.000220468
37150.4;0.251379;0.0151768;0.0542521;0.0542521;0.0329916;0.00276606;0.000174642;0.000174642
37310.4;0.259245;0.0177203;0.0464739;0.0464739;0.0278126;0.00373105;0.000155856;0.000155856
37471.7;0.257357;0.0215835;0.039777;0.039777;0.0215974;0.00502518;0.000150402;0.000150402
37668.4;0.243059;0.0285752;0.0329469;0.0329469;0.0142878;0.0071652;0.00015976;0.00015976
38002.7;0.200516;0.0484239;0.0241141;0.0241141;0.00579981;0.0126418;0.000219977;0.000219977
38397.5;0.145749;0.0899344;0.0172383;0.0172383;0.00174985;0.0223769;0.000400573;0.000400573
38839;0.0970865;0.16101;0.013317;0.013317;0.000510058;0.0340198;0.000885118;0.000885118
39233.8;0.0664993;0.227528;0.0133552;0.0133552;0.000228249;0.0368253;0.00185991;0.00185991
39430.9;0.0549625;0.249966;0.0150206;0.0150206;0.000177428;0.0333224;0.00269708;0.00269708
39592.2;0.0470215;0.258676;0.0174936;0.0174936;0.000157174;0.028233;0.00364788;0.00364788
39751.7;0.0403129;0.257607;0.0211974;0.0211974;0.000150751;0.0221304;0.00489893;0.00489893
39939.1;0.0336881;0.245074;0.0275977;0.0275977;0.000158077;0.0150813;0.00687404;0.00687404
40211.5;0.0260736;0.212296;0.0422253;0.0422253;0.000198868;0.00742301;0.0109984;0.0109984
40522.5;0.0197676;0.168241;0.0694311;0.0694311;0.000304491;0.00292998;0.0178292;0.0178292
40804;0.0158782;0.131699;0.105889;0.105889;0.000487491;0.00125125;0.0255583;0.0255583
41209.8;0.0130432;0.0901782;0.174752;0.174752;0.00102323;0.000424664;0.0354088;0.0354088
41500;0.0132312;0.0682548;0.223421;0.223421;0.00176745;0.000238767;0.037009;0.037009
41655;0.0142911;0.0587583;0.243197;0.243197;0.00236843;0.000191744;0.0349112;0.0349112
41779.2;0.0157463;0.0521032;0.253803;0.253803;0.00299174;0.00016903;0.0317499;0.0317499
41893;0.017646;0.0466733;0.258631;0.258631;0.00370051;0.000156853;0.027941;0.027941
42007;0.0201931;0.0418106;0.258518;0.258518;0.00456981;0.000151437;0.0236062;0.0236062
42132.1;0.0238733;0.0370706;0.252939;0.252939;0.00574324;0.000152447;0.0187342;0.0187342
42290.3;0.0301314;0.0318785;0.239024;0.239024;0.00761824;0.000163838;0.0131335;0.0131335
42566.9;0.0466719;0.0246257;0.203448;0.203448;0.0121804;0.000214416;0.00620172;0.00620172
42948.6;0.0852028;0.0177321;0.150187;0.150187;0.0213679;0.000378146;0.00195163;0.00195163
43307.3;0.139982;0.0140005;0.108429;0.108429;0.0312772;0.000712654;0.00069268;0.00069268
43728.1;0.213404;0.0130085;0.0726306;0.0726306;0.0372257;0.00156487;0.000267005;0.000267005
43952.9;0.243607;0.0143465;0.0584518;0.0584518;0.0347847;0.0023927;0.000190776;0.000190776
44121.3;0.256354;0.0165051;0.0496635;0.0496635;0.0301681;0.00328274;0.000163025;0.000163025
44279.2;0.258755;0.0196896;0.0426384;0.0426384;0.0243922;0.00440177;0.000152123;0.000152123
44454.7;0.250706;0.0249129;0.0360224;0.0360224;0.0176016;0.00606245;0.000153895;0.000153895
44709.2;0.223841;0.0366945;0.0282998;0.0282998;0.00947717;0.00948326;0.000181786;0.000181786
45116.1;0.166969;0.0702923;0.0196389;0.0196389;0.00285987;0.0180277;0.000308939;0.000308939
45497.8;0.119178;0.122801;0.0148073;0.0148073;0.000916805;0.0285812;0.000592318;0.000592318
45993.9;0.0744955;0.209058;0.0129517;0.0129517;0.000280469;0.0372033;0.00148898;0.00148898
46233;0.0591397;0.242214;0.014236;0.014236;0.000193748;0.0350202;0.00233878;0.00233878
46403.8;0.0501306;0.255792;0.0163517;0.0163517;0.000164269;0.0304787;0.00322388;0.00322388
46561.3;0.0430567;0.258786;0.0194484;0.0194484;0.000152573;0.0247796;0.00432033;0.00432033
46732.4;0.0365241;0.251662;0.0244068;0.0244068;0.000153342;0.0181394;0.00590655;0.00590655
46960.9;0.0293949;0.228875;0.0344272;0.0344272;0.000175312;0.0105562;0.00884759;0.00884759
47276.9;0.0220037;0.18544;0.0570773;0.0570773;0.000253837;0.00427002;0.0148423;0.0148423
47563;0.0173296;0.14624;0.0890714;0.0890714;0.000398064;0.00178399;0.022188;0.022188
47879.8;0.0140905;0.109611;0.137836;0.137836;0.000697699;0.000716108;0.0309566;0.0309566
48290.4;0.0129635;0.0741615;0.209743;0.209743;0.00150218;0.000278258;0.0371995;0.0371995
48474;0.0138165;0.0621235;0.236258;0.236258;0.00212465;0.000207038;0.0359068;0.0359068
48607.3;0.0151148;0.0546098;0.249947;0.249947;0.0027311;0.000177112;0.0330992;0.0330992
48724;0.0168197;0.0487808;0.256951;0.256951;0.00339849;0.000161301;0.0295313;0.0295313
48836.8;0.0190689;0.0437415;0.258845;0.258845;0.00419173;0.000153292;0.0254061;0.0254061
48955.9;0.0222011;0.0390015;0.255657;0.255657;0.0052169;0.000151527;0.020763;0.020763
49096.5;0.0271045;0.0340886;0.245769;0.245769;0.006724;0.000157704;0.015502;0.015502
49304.6;0.0373618;0.0280023;0.222247;0.222247;0.00966758;0.000184002;0.00918864;0.00918864
49683.6;0.0684896;0.0199172;0.169181;0.169181;0.0176046;0.000301365;0.00300864;0.00300864
50029.1;0.114353;0.0153053;0.125038;0.125038;0.0271112;0.000539366;0.00106549;0.00106549
50463.6;0.189589;0.012899;0.0831009;0.0831009;0.0364955;0.00120146;0.000352577;0.000352577
50750.8;0.234343;0.0137107;0.0630255;0.0630255;0.0361194;0.00206568;0.000211453;0.000211453
50933.2;0.252458;0.0155557;0.052835;0.052835;0.0321455;0.00291198;0.000171675;0.000171675
51092;0.258717;0.0182715;0.0453109;0.0453109;0.0267874;0.00391756;0.000155235;0.000155235
51256.6;0.255166;0.0224742;0.038666;0.038666;0.0204112;0.00530313;0.000151713;0.000151713
51466.3;0.237896;0.0304937;0.031648;0.031648;0.012882;0.00772157;0.00016511;0.00016511
51832;0.189441;0.0545311;0.0225681;0.0225681;0.00465291;0.014203;0.000244066;0.000244066
52217;0.137349;0.0987688;0.0164411;0.0164411;0.00144455;0.0241684;0.000449375;0.000449375
52700.7;0.0875493;0.179903;0.012983;0.012983;0.000397493;0.0358168;0.0010845;0.0010845
53028.9;0.0638537;0.232569;0.0136208;0.0136208;0.000215629;0.0362958;0.00201366;0.00201366
53215.5;0.0533105;0.251768;0.0154327;0.0154327;0.000173146;0.0324084;0.00286181;0.00286181
53374.8;0.0456978;0.258588;0.0180903;0.0180903;0.000155831;0.0271131;0.00385407;0.00385407
53537.2;0.039078;0.255677;0.0221418;0.0221418;0.000151599;0.0208391;0.00519755;0.00519755
53735.4;0.0323317;0.240271;0.0294641;0.0294641;0.000162732;0.0136081;0.0074213;0.0074213
54027.5;0.024615;0.203115;0.0467174;0.0467174;0.000215115;0.00618994;0.0121902;0.0121902
54329.9;0.0188961;0.160489;0.0755489;0.0755489;0.000333096;0.00248112;0.0192333;0.0192333
54616.5;0.0152668;0.124552;0.114977;0.114977;0.000543489;0.00105335;0.0272213;0.0272213
55050.1;0.0128984;0.082833;0.190121;0.190121;0.00120911;0.000350283;0.0365217;0.0365217
55287.4;0.0134238;0.0659183;0.228112;0.228112;0.00189219;0.000226507;0.0366631;0.0366631
55433.5;0.0145704;0.0572373;0.245496;0.245496;0.0024926;0.000186549;0.0342848;0.0342848
55554.7;0.0161098;0.0509049;0.254783;0.254783;0.0031297;0.000166446;0.0309736;0.0309736
55667.9;0.0181233;0.0456278;0.258583;0.258583;0.00386545;0.000155758;0.0270528;0.0270528
55783.3;0.0208543;0.0408214;0.25744;0.25744;0.00478349;0.000151574;0.022613;0.022613
55913;0.024897;0.0360432;0.250504;0.250504;0.00605594;0.00015418;0.0176156;0.0176156
56084.4;0.0321825;0.0306187;0.233917;0.233917;0.00820833;0.000169418;0.0118029;0.0118029
56406;0.0537354;0.0227538;0.190716;0.190716;0.0140014;0.000241089;0.00478262;0.00478262
56771.5;0.0947464;0.0167907;0.140866;0.140866;0.0233596;0.00042792;0.00157309;0.00157309
57155.5;0.156929;0.013438;0.0988868;0.0988868;0.03351;0.000853834;0.000539572;0.000539572
57537.5;0.222163;0.0132221;0.0686067;0.0686067;0.0369868;0.0017498;0.00024194;0.00024194
57742.7;0.247152;0.0147601;0.0562647;0.0562647;0.0338693;0.00257713;0.000182994;0.000182994
57906.4;0.257398;0.0171073;0.0480214;0.0480214;0.028962;0.00350299;0.000159904;0.000159904
58065.7;0.257694;0.0206126;0.0411793;0.0411793;0.0229674;0.00470454;0.000151695;0.000151695
58250.6;0.246745;0.0266258;0.0344855;0.0344855;0.0159288;0.00657988;0.000156958;0.000156958
58543.1;0.212479;0.0419273;0.0261854;0.0261854;0.007515;0.0109147;0.000198699;0.000198699
58950.1;0.155463;0.0799979;0.0183315;0.0183315;0.00221432;0.0202288;0.000353964;0.000353964
59352.5;0.10807;0.140326;0.0139921;0.0139921;0.000688869;0.0313155;0.000717337;0.000717337
59810.8;0.0698092;0.219457;0.0131501;0.0131501;0.000249341;0.0370789;0.00169126;0.00169126
60024.2;0.0568027;0.246224;0.0146539;0.0146539;0.000184973;0.0341012;0.00252986;0.00252986
60189.4;0.0484139;0.257101;0.0169583;0.0169583;0.000160713;0.0292536;0.00344841;0.00344841
60347.7;0.0415557;0.257931;0.0203658;0.0203658;0.000151855;0.0233364;0.00462358;0.00462358
60526.7;0.0349938;0.248044;0.026035;0.026035;0.000155948;0.0164794;0.00640182;0.00640182
60778.5;0.0275816;0.22002;0.0383407;0.0383407;0.000187173;0.00878782;0.00993722;0.00993722
61095.3;0.0207184;0.175553;0.0636961;0.0636961;0.000281131;0.00346291;0.0164629;0.0164629
61377.1;0.0165119;0.138032;0.0979366;0.0979366;0.000445085;0.00146985;0.0240018;0.0240018
61737.2;0.013444;0.0989827;0.156729;0.156729;0.000852213;0.000541088;0.033485;0.033485
62091;0.01311;0.0705663;0.217744;0.217744;0.00165589;0.000254162;0.0371214;0.0371214
62256.6;0.0140892;0.0601356;0.240076;0.240076;0.00226389;0.000198348;0.0353267;0.0353267
62384.5;0.0154779;0.0531407;0.251942;0.251942;0.00287959;0.000172724;0.0323094;0.0323094
62499.4;0.0172931;0.0475501;0.257687;0.257687;0.00357026;0.00015902;0.0286016;0.0286016
62612.8;0.0197088;0.0426176;0.25844;0.25844;0.00440595;0.000152487;0.0243565;0.0243565
62735.2;0.0231413;0.037884;0.253919;0.253919;0.00551245;0.000152269;0.0195848;0.0195848
62885.1;0.0287588;0.0328281;0.241864;0.241864;0.00721393;0.000161228;0.0141385;0.0141385
63128.7;0.0421192;0.0261167;0.212075;0.212075;0.0109663;0.000199361;0.00745442;0.00745442
63516.8;0.0780631;0.0185706;0.157592;0.157592;0.0197985;0.00034488;0.00232502;0.00232502
63865.8;0.128524;0.014514;0.115294;0.115294;0.0295155;0.000631979;0.000832026;0.000832026
64301.9;0.20485;0.0129202;0.0762472;0.0762472;0.0371132;0.00142264;0.000294268;0.000294268
64547.3;0.239987;0.0140831;0.0601784;0.0601784;0.0353395;0.00226075;0.000198543;0.000198543
64720.5;0.254754;0.0161148;0.0508922;0.0508922;0.0309623;0.00313123;0.000166472;0.000166472
64878.4;0.258693;0.0191005;0.0436893;0.0436893;0.0253506;0.00420135;0.00015342;0.00015342
65048.9;0.252538;0.0238723;0.0370816;0.0370816;0.0187305;0.00574014;0.000152965;0.000152965
65282.6;0.23001;0.0338621;0.0296907;0.0296907;0.0108512;0.00868667;0.000173983;0.000173983
65679.4;0.175348;0.0638382;0.0206933;0.0206933;0.00344806;0.016497;0.00028175;0.00028175
66057.9;0.12632;0.112533;0.0154235;0.0154235;0.00110188;0.026781;0.000528768;0.000528768
66562.5;0.0785377;0.199665;0.0128921;0.0128921;0.000312579;0.0369663;0.00134237;0.00134237
66827.3;0.0608398;0.238682;0.013989;0.013989;0.000201458;0.0355392;0.00221305;0.00221305
67003.3;0.051314;0.254269;0.0159867;0.0159867;0.000167577;0.0312294;0.00308158;0.00308158
67161.1;0.0440558;0.25872;0.0189043;0.0189043;0.000153808;0.0256818;0.00413461;0.00413461
67328.3;0.0375067;0.253287;0.0234788;0.0234788;0.000152574;0.019184;0.00561781;0.00561781
67543.8;0.0305446;0.233584;0.0323116;0.0323116;0.000169805;0.0117254;0.00824509;0.00824509
67853.9;0.0229368;0.191967;0.0529696;0.0529696;0.000238229;0.00491241;0.0138067;0.0138067
68145.4;0.0178989;0.151497;0.0837174;0.0837174;0.000371941;0.00202163;0.0210429;0.0210429
68446.4;0.0145306;0.115507;0.128188;0.128188;0.000629707;0.000836684;0.0294613;0.0294613
68875.9;0.01291;0.0768853;0.203397;0.203397;0.00139957;0.000299258;0.0370789;0.0370789
69075;0.0136657;0.0634564;0.233329;0.233329;0.00203838;0.00021379;0.0362035;0.0362035
69212.5;0.0149087;0.0555548;0.248292;0.248292;0.00264157;0.000180543;0.0335433;0.0335433
69330.7;0.0165506;0.049553;0.256119;0.256119;0.00329695;0.000163225;0.0300675;0.0300675
69443.6;0.0187084;0.0444327;0.25872;0.25872;0.00406761;0.000154239;0.0260175;0.0260175
69561.1;0.0216814;0.0396744;0.256312;0.256312;0.00505016;0.000151557;0.0214513;0.0214513
69697.2;0.0262313;0.0348226;0.247596;0.247596;0.00646098;0.000156301;0.0162934;0.0162934
69889.3;0.0351689;0.0290252;0.22703;0.22703;0.0090552;0.000177683;0.0101839;0.0101839
70252.8;0.0629119;0.0208591;0.176644;0.176644;0.0162735;0.000277889;0.00354646;0.00354646
70602.6;0.10673;0.0158224;0.130754;0.130754;0.0257078;0.000494423;0.00123056;0.00123056
71022.9;0.178275;0.0130055;0.0882806;0.0882806;0.0356794;0.00106693;0.000405745;0.000405745
71343.3;0.230296;0.0135194;0.0648835;0.0648835;0.0364855;0.00195167;0.000221081;0.000221081
71532.7;0.250657;0.0152561;0.0540284;0.0540284;0.0327873;0.00278848;0.000175485;0.000175485
71692.9;0.258319;0.0178313;0.0462732;0.0462732;0.0275859;0.00376242;0.00015681;0.00015681
71855.1;0.2562;0.0217571;0.0395747;0.0395747;0.0213489;0.00507437;0.000151572;0.000151572
72054.3;0.241458;0.0289291;0.0327064;0.0327064;0.0140076;0.00726397;0.000161615;0.000161615
72395;0.197882;0.0495513;0.0238102;0.0238102;0.00555824;0.0129292;0.00022545;0.00022545
72788.4;0.143704;0.0916327;0.0170801;0.0170801;0.00168404;0.0227201;0.000411748;0.000411748
73241;0.0946576;0.165146;0.0132357;0.0132357;0.000481833;0.0344363;0.000930348;0.000930348
73620.4;0.0657814;0.228355;0.0134372;0.0134372;0.000225876;0.0366358;0.00189991;0.00189991
73814.9;0.0545043;0.249941;0.0151433;0.0151433;0.000177017;0.033032;0.00274139;0.00274139
73975.9;0.0466467;0.258159;0.0176684;0.0176684;0.000157427;0.027889;0.00370466;0.00370466
74136.3;0.0399589;0.25661;0.0214691;0.0214691;0.000151541;0.0217417;0.00498201;0.00498201
74326.7;0.0332991;0.243329;0.0281189;0.0281189;0.000159886;0.0146449;0.00702492;0.00702492
74605.2;0.0256406;0.209306;0.0434904;0.0434904;0.000203994;0.00704141;0.0113343;0.0113343
74914.1;0.0195055;0.165668;0.0712024;0.0712024;0.000313593;0.00278839;0.0182367;0.0182367
75197;0.0156959;0.129367;0.108507;0.108507;0.000504792;0.001189;0.0260407;0.0260407
75615.6;0.0129833;0.0874413;0.180058;0.180058;0.00108714;0.000396683;0.0358235;0.0358235
75886.1;0.0133046;0.067428;0.224745;0.224745;0.00181019;0.00023509;0.0368603;0.0368603
76038.1;0.0143956;0.0582177;0.243683;0.243683;0.00241153;0.000190431;0.0346642;0.0346642
76161.3;0.0158811;0.0516733;0.253834;0.253834;0.00304023;0.000168551;0.0314511;0.0314511
76275;0.0178217;0.0462951;0.258308;0.258308;0.003759;0.000156848;0.0276037;0.0276037
76389.6;0.0204343;0.0414509;0.257843;0.257843;0.00464591;0.000151838;0.0232328;0.0232328
76516.3;0.0242416;0.0366969;0.2518;0.2518;0.00585427;0.000153394;0.0183178;0.0183178
76679;0.0308458;0.0314258;0.236992;0.236992;0.00782305;0.000166089;0.0126455;0.0126455
76972.3;0.0491259;0.0239261;0.198642;0.198642;0.0128189;0.000223894;0.00564699;0.00564699
77348.8;0.0886653;0.0173721;0.146531;0.146531;0.0221001;0.000396562;0.00180046;0.00180046
77716;0.14604;0.0137795;0.10478;0.10478;0.0321155;0.000762158;0.000631686;0.000631686
78124.5;0.216849;0.0130913;0.070955;0.070955;0.0371371;0.00163816;0.000256719;0.000256719
78341.1;0.244868;0.0145122;0.0575605;0.0575605;0.03441;0.00246543;0.000187869;0.000187869
78507.6;0.256608;0.0167453;0.0489974;0.0489974;0.0296758;0.00336956;0.000161986;0.000161986
78666;0.258181;0.0200541;0.0420487;0.0420487;0.0238132;0.00452061;0.000152135;0.000152135
78845;0.249024;0.0255745;0.0354072;0.0354072;0.0169265;0.00626219;0.000155234;0.000155234
79113.8;0.219379;0.0386297;0.0274609;0.0274609;0.00867428;0.0100166;0.000188103;0.000188103
79522.8;0.162091;0.0741525;0.0190857;0.0190857;0.00257427;0.0189152;0.000326865;0.000326865
79910.7;0.114676;0.129481;0.0144675;0.0144675;0.000818936;0.0296682;0.000638662;0.000638662
80395.1;0.0723878;0.213604;0.013029;0.013029;0.000266271;0.0371781;0.00157521;0.00157521
80622.3;0.0581267;0.243848;0.0144114;0.0144114;0.000190073;0.0346298;0.00241888;0.00241888
80790.6;0.0493931;0.25626;0.0166059;0.0166059;0.000162867;0.0299557;0.00331761;0.00331761
80948.3;0.0424156;0.258346;0.0198298;0.0198298;0.000152365;0.0241642;0.00444617;0.00444617
81122.5;0.035876;0.250093;0.0250722;0.0250722;0.000154484;0.0174335;0.00610921;0.00610921
81360.6;0.0286262;0.225163;0.0359973;0.0359973;0.000180103;0.00979057;0.0092872;0.0092872
81678.1;0.0214347;0.181065;0.0598631;0.0598631;0.000265362;0.00390038;0.0155302;0.0155302
81961.9;0.0169726;0.142646;0.0927695;0.0927695;0.000417664;0.00164227;0.0229547;0.0229547
82294.3;0.0138064;0.105208;0.145281;0.145281;0.000756098;0.000638891;0.0320118;0.0320118
82684.9;0.0130249;0.0724935;0.213364;0.213364;0.00157072;0.000266994;0.0371796;0.0371796
82859.9;0.0139367;0.0612257;0.237904;0.237904;0.00218592;0.000203208;0.0356489;0.0356489
82990.7;0.015275;0.0539508;0.250768;0.250768;0.00279628;0.000175245;0.0327462;0.0327462
83106.5;0.0170281;0.0482304;0.257212;0.257212;0.00347377;0.000160372;0.0291159;0.0291159
83219.6;0.0193493;0.0432402;0.258605;0.258605;0.00428535;0.000153011;0.0249378;0.0249378
83340.1;0.0226096;0.0385052;0.25484;0.25484;0.00534522;0.000151915;0.0202387;0.0202387
83484.5;0.0278097;0.0335344;0.244037;0.244037;0.00693322;0.000159257;0.0148987;0.0148987
83706.9;0.0392851;0.0271925;0.217973;0.217973;0.0101964;0.000190168;0.00842451;0.00842451
84092.7;0.0727102;0.0192874;0.163819;0.163819;0.0185848;0.000320342;0.0026759;0.0026759
84438.3;0.120439;0.0149419;0.120662;0.120662;0.0281741;0.000578197;0.000955175;0.000955175
84877.2;0.196972;0.0128871;0.0797313;0.0797313;0.0368614;0.0013032;0.000322658;0.000322658
85143.4;0.236971;0.013876;0.0616886;0.0616886;0.0357757;0.00215402;0.000205328;0.000205328
85321.3;0.253509;0.0158055;0.0519362;0.0519362;0.0316106;0.00301047;0.000169275;0.000169275
85479.6;0.258708;0.01864;0.0445671;0.0445671;0.0261359;0.0040441;0.000154407;0.000154407
85646.6;0.254002;0.023087;0.0379464;0.0379464;0.0196502;0.00549532;0.000152246;0.000152246
85866.3;0.234504;0.031913;0.0307767;0.0307767;0.011966;0.00813075;0.000168778;0.000168778
86248.4;0.182826;0.0586917;0.021669;0.021669;0.00404987;0.0152416;0.000260634;0.000260634
86628.9;0.13228;0.10481;0.0159638;0.0159638;0.00127783;0.0253433;0.000483398;0.000483398
87128;0.082889;0.189944;0.012901;0.012901;0.000351018;0.0365066;0.00120751;0.00120751
87422.6;0.0624112;0.235496;0.013786;0.013786;0.000208719;0.035961;0.00210559;0.00210559
87603.9;0.0523719;0.252954;0.0156836;0.0156836;0.0001705;0.0318692;0.00296212;0.00296212
87762.4;0.0449329;0.258672;0.0184573;0.0184573;0.000154867;0.0264555;0.00398113;0.00398113
87926.8;0.0383527;0.25462;0.0227376;0.0227376;0.000151995;0.0200786;0.00538557;0.00538557
88132.5;0.0315157;0.237323;0.0307033;0.0307033;0.000165742;0.0127402;0.00778178;0.00778178
88434;0.0238127;0.197896;0.049542;0.049542;0.000225421;0.00556014;0.0129268;0.0129268
88731.2;0.0184218;0.156255;0.0792592;0.0792592;0.000350543;0.00225566;0.0200648;0.0200648
89023.1;0.014922;0.120421;0.12079;0.12079;0.000580466;0.000949309;0.0282342;0.0282342
89459.1;0.012887;0.0797804;0.196862;0.196862;0.00130163;0.00032308;0.0368567;0.0368567
89676.2;0.0135342;0.0647309;0.230619;0.230619;0.00196067;0.000220291;0.0364575;0.0364575
89818;0.0147265;0.0564368;0.246822;0.246822;0.00256187;0.000183677;0.0339414;0.0339414
89937.7;0.0163132;0.0502658;0.255414;0.255414;0.00320717;0.000164922;0.0305516;0.0305516
90050.7;0.0183925;0.0450653;0.258652;0.258652;0.0039587;0.000155041;0.02657;0.02657
90167;0.0212325;0.0402842;0.256925;0.256925;0.00490573;0.000151553;0.0220716;0.0220716
90299.4;0.0254993;0.0354761;0.249185;0.249185;0.00623934;0.000155119;0.0170011;0.0170011
90479.7;0.0334819;0.0298934;0.230874;0.230874;0.00857877;0.00017295;0.0110568;0.0110568
90823.1;0.0579574;0.02182;0.183948;0.183948;0.0150597;0.000257694;0.00414781;0.00414781
91180.1;0.100213;0.0163228;0.136071;0.136071;0.0244522;0.000457601;0.00140198;0.00140198
91581.4;0.166945;0.0131974;0.0937588;0.0937588;0.0346244;0.000947945;0.000470327;0.000470327
91935.4;0.226196;0.0133551;0.0667686;0.0667686;0.0367779;0.00184534;0.000231339;0.000231339
92132.4;0.248876;0.0149887;0.0551871;0.0551871;0.0333684;0.00267588;0.000179293;0.000179293
92294.3;0.257881;0.0174405;0.0471882;0.0471882;0.0283191;0.00362321;0.000158376;0.000158376
92454.7;0.257051;0.0211343;0.0404218;0.0404218;0.0222104;0.00487398;0.000151566;0.000151566
92645.8;0.244404;0.0276489;0.0336588;0.0336588;0.0150331;0.00688543;0.000158935;0.000158935
92961;0.205768;0.0452973;0.0250512;0.0250512;0.00654535;0.0118152;0.00021022;0.00021022
93362.5;0.149822;0.0853483;0.0177195;0.0177195;0.00194464;0.0213946;0.000379972;0.000379972
93785;0.101875;0.151297;0.0136046;0.0136046;0.000584709;0.0328102;0.000805384;0.000805384
94210.8;0.067797;0.223925;0.013278;0.013278;0.000237235;0.0369016;0.00179095;0.00179095
94414.4;0.0556883;0.248068;0.0148804;0.0148804;0.000181016;0.0336049;0.00262926;0.00262926
94577.3;0.0475671;0.257658;0.0172867;0.0172867;0.000159075;0.0286135;0.0035678;0.0035678
94736.4;0.0407975;0.25737;0.0208719;0.0208719;0.000151631;0.0225869;0.00478884;0.00478884
94920.4;0.0341984;0.245937;0.0269727;0.0269727;0.000157632;0.0156169;0.0066837;0.0066837
95185;0.0266537;0.215068;0.0406616;0.0406616;0.000194587;0.00793225;0.0105719;0.0105719
95498.9;0.0201242;0.170784;0.0671998;0.0671998;0.00029607;0.00312195;0.0172993;0.0172993
95780.3;0.0161181;0.133925;0.102787;0.102787;0.000471939;0.00133045;0.0249545;0.0249545
96170.7;0.0131728;0.0931589;0.168156;0.168156;0.000959969;0.000462789;0.034748;0.034748
96483.8;0.013198;0.0690065;0.221231;0.221231;0.00173001;0.000244449;0.0370166;0.0370166
96642.4;0.0142323;0.0592034;0.241846;0.241846;0.00233391;0.000194431;0.0350184;0.0350184
96767.9;0.0156666;0.0524336;0.252874;0.252874;0.00295537;0.000170677;0.0319052;0.0319052
96882.2;0.0175401;0.0469487;0.258009;0.258009;0.0036589;0.00015795;0.0281301;0.0281301
96996.1;0.0200463;0.0420613;0.258186;0.258186;0.00451802;0.000152144;0.0238253;0.0238253
97120.4;0.0236485;0.0373217;0.252958;0.252958;0.00567057;0.000152748;0.0189866;0.0189866
97275.9;0.0296985;0.0321731;0.239666;0.239666;0.00748943;0.000163355;0.0134374;0.0134374
97541.9;0.0451763;0.0250894;0.206001;0.206001;0.0117831;0.000209799;0.00657698;0.00657698
97926.8;0.0830197;0.0179776;0.152219;0.152219;0.0208913;0.000368562;0.00205589;0.00205589
98282.4;0.136458;0.014151;0.110355;0.110355;0.0307459;0.000688536;0.00073172;0.00073172
98709;0.21097;0.0129877;0.0735473;0.0735473;0.0371839;0.0015269;0.000274336;0.000274336
98939.1;0.242429;0.0142821;0.058894;0.058894;0.0349106;0.00235786;0.000193157;0.000193157
99108.8;0.255707;0.0164083;0.0499756;0.0499756;0.0303567;0.00324327;0.000164222;0.000164222
99266.8;0.258517;0.0195417;0.0429033;0.0429033;0.0246244;0.00434998;0.000152727;0.000152727
99441;0.250977;0.0246464;0.0362893;0.0362893;0.0178794;0.00597883;0.000153902;0.000153902
99689.9;0.2253;0.0359359;0.0286552;0.0286552;0.00981897;0.00927005;0.000179923;0.000179923
